-58  75  
-63  -84  
-65  74  
-9  94  
45  79  
0  0  
43  -62  
6  -30  
14  13  
-47  100  
-24  62  
3  -77  
98  43  
-13  -46  
75  51  
35  -14  
51  72  
14  -77  
3  52  
51  -78  
50  26  
35  70  
60  71  
8  82  
21  14  
-79  -37  
-77  37  
65  -11  
0  0  
45  49  
0  0  
0  0  
0  0  
28  -48  
-47  38  
42  98  
-87  3  
-35  -74  
5  95  
0  0  
-60  94  
-39  28  
50  -3  
0  -80  
56  -70  
56  -62  
0  0  
19  96  
7  83  
0  0  
0  0  
3  -42  
-69  99  
-55  -95  
30  23  
-38  -9  
-25  48  
-34  -53  
98  -75  
28  -89  
-64  -28  
39  37  
0  0  
-13  -27  
97  60  
-48  -21  
47  -89  
-56  -17  
2  32  
0  0  
6  9  
0  0  
0  0  
0  0  
23  81  
-68  53  
-11  7  
33  20  
60  -43  
0  0  
58  -33  
-96  -11  
-18  67  
-21  -45  
41  -9  
68  27  
0  0  
9  -25  
-46  82  
-45  31  
-78  57  
0  0  
0  0  
-14  -88  
54  90  
0  0  
0  0  
0  0  
42  64  
-72  36  
18  85  
0  0  
0  0  
4  10  
73  -49  
26  78  
0  0  
-79  79  
6  -52  
-57  93  
45  -4  
46  -63  
72  74  
44  47  
91  -64  
-76  36  
86  -21  
33  66  
-48  10  
29  44  
-41  -53  
0  0  
72  -44  
74  -9  
77  -41  
-91  56  
-89  53  
22  51  
97  18  
37  37  
-96  26  
30  -28  
-5  76  
55  -55  
-71  1  
-32  -94  
46  -81  
83  -10  
0  0  
49  -55  
-86  -25  
0  0  
87  70  
-15  -94  
0  0  
74  -6  
0  0  
23  -31  
-30  27  
69  -59  
-96  16  
0  0  
-11  -23  
-86  97  
-86  -7  
0  0  
0  0  
-12  55  
13  11  
0  0  
-38  0  
-14  -65  
-97  95  
-20  98  
-59  30  
-79  -11  
79  31  
38  94  
-18  -56  
69  -41  
-93  75  
62  -43  
-61  -81  
-22  -78  
25  -75  
-68  -5  
44  -93  
-42  -62  
70  11  
6  -96  
66  60  
91  69  
44  -27  
-75  28  
0  0  
-24  -34  
-15  4  
66  -16  
5  -20  
-95  -22  
15  13  
-34  -15  
0  0  
0  0  
-5  85  
-75  90  
48  -69  
0  0  
0  0  
41  -18  
84  -17  
91  25  
-87  36  
-40  31  
-72  10  
0  0  
-30  -66  
0  0  
26  19  
4  -53  
0  0  
-33  -29  
0  0  
0  0  
-79  72  
-40  80  
60  -84  
21  32  
-86  -13  
77  -82  
-95  15  
48  -16  
-7  27  
0  0  
0  0  
0  0  
-32  -48  
12  -87  
-3  45  
-97  80  
0  0  
30  22  
18  0  
0  0  
-13  -91  
-28  32  
-71  89  
78  59  
39  -44  
46  28  
-10  49  
69  -43  
-16  98  
-23  -22  
0  0  
0  0  
-49  92  
95  32  
0  0  
0  0  
88  -66  
40  80  
-16  35  
-85  86  
39  97  
0  0  
2  -9  
-87  -44  
84  1  
0  0  
-71  -39  
-30  36  
74  -48  
-83  63  
-82  -20  
-100  71  
83  -89  
66  3  
48  -96  
0  0  
11  46  
-49  95  
33  -20  
52  -75  
0  0  
14  75  
31  50  
-88  39  
-15  -49  
72  -86  
-25  75  
67  -55  
18  77  
-66  -13  
60  84  
0  0  
0  0  
85  -46  
-89  -87  
-77  -88  
0  0  
-88  68  
0  0  
0  0  
-28  -20  
0  60  
94  59  
-2  44  
-53  -10  
29  28  
-9  -24  
-48  90  
-49  30  
0  0  
13  -20  
90  -25  
-33  -70  
0  0  
0  0  
55  9  
76  -80  
75  -7  
96  24  
32  63  
-16  27  
-78  75  
-50  -76  
-24  76  
65  16  
90  -54  
-65  -21  
66  12  
0  0  
-52  -94  
-3  90  
-51  92  
-37  72  
0  0  
63  -74  
75  86  
0  0  
-7  77  
17  52  
0  0  
18  -72  
-85  -55  
-51  -45  
0  0  
43  20  
56  -70  
0  0  
0  0  
0  0  
-36  -34  
49  29  
-23  94  
-3  -1  
0  0  
-52  -37  
69  -37  
0  0  
-76  59  
-37  18  
80  -68  
-58  -51  
0  0  
36  28  
-54  37  
1  -21  
-34  -96  
-40  45  
-52  -24  
-31  35  
0  0  
0  0  
61  -91  
-22  -7  
94  -51  
0  0  
-73  30  
0  0  
-61  -51  
80  27  
67  39  
-3  86  
-32  23  
-91  25  
94  8  
65  -33  
41  -47  
73  63  
0  0  
55  -39  
0  0  
-63  4  
31  79  
0  0  
-89  99  
86  77  
16  80  
-100  96  
0  0  
0  0  
0  0  
0  0  
89  -69  
2  -98  
41  -8  
-30  9  
0  0  
30  -18  
0  0  
21  80  
-89  -63  
0  0  
97  -52  
44  11  
-99  20  
70  77  
-66  77  
26  78  
0  0  
0  0  
73  -91  
0  0  
-18  53  
-81  56  
75  98  
-19  5  
-95  -12  
-26  -24  
64  -58  
9  6  
38  19  
-44  -1  
2  -43  
-85  -33  
-21  100  
83  -84  
0  0  
54  -30  
50  -24  
94  -66  
1  -30  
15  52  
96  -10  
-97  59  
55  -33  
94  -90  
0  0  
-73  99  
0  0  
-77  57  
19  86  
0  0  
38  -14  
0  0  
0  0  
54  -72  
41  -97  
-28  -94  
9  79  
0  0  
96  -26  
35  -71  
0  0  
-21  67  
92  -43  
-83  -89  
-34  36  
-74  54  
-65  96  
33  -98  
-86  -4  
28  -39  
7  -16  
-90  44  
47  -25  
-34  47  
0  0  
7  -50  
-100  -50  
-2  -29  
65  46  
-72  1  
-72  26  
37  -66  
-66  60  
10  -61  
67  -31  
100  -58  
-19  -36  
-32  7  
0  0  
-16  92  
0  0  
66  74  
-94  64  
38  -93  
19  51  
-43  54  
0  0  
-27  -54  
0  0  
20  -34  
-38  -31  
12  -7  
41  -55  
0  0  
61  -3  
34  -41  
0  0  
-75  86  
30  -98  
6  30  
-84  -57  
50  52  
-99  85  
-81  48  
80  36  
-35  -85  
6  86  
0  0  
-16  64  
0  0  
-15  48  
33  24  
-83  87  
63  -34  
0  0  
71  -41  
68  -41  
27  28  
71  51  
57  1  
0  0  
7  17  
-48  84  
61  -49  
94  87  
0  0  
0  0  
44  -65  
-61  85  
55  -57  
-81  -86  
100  -59  
-22  -49  
0  0  
0  0  
-27  -57  
28  -14  
0  0  
-67  32  
27  -88  
65  45  
-54  11  
-30  -77  
-48  39  
41  54  
-94  32  
91  48  
90  -11  
16  56  
29  5  
-59  -80  
71  93  
-29  30  
9  11  
-65  4  
0  0  
31  91  
-34  71  
-56  78  
-65  -75  
-20  -65  
0  0  
-29  -54  
0  0  
-66  -25  
0  0  
24  -42  
-7  -89  
-11  -3  
-39  -85  
0  0  
0  0  
0  0  
25  -54  
89  32  
52  20  
75  20  
8  -45  
66  36  
39  -33  
18  -86  
62  95  
0  0  
0  0  
-1  79  
0  0  
-10  -55  
33  -2  
58  -49  
-28  7  
94  -36  
-94  38  
-72  -39  
-93  58  
-59  14  
91  -65  
-98  -80  
0  0  
-56  59  
-24  83  
-47  6  
-21  53  
52  -16  
-82  74  
88  -77  
76  -92  
0  0  
-19  76  
3  -91  
3  -43  
-69  -62  
88  59  
64  -98  
-63  64  
0  0  
-36  28  
0  0  
83  42  
0  0  
0  0  
49  -91  
74  -51  
-70  67  
60  -43  
-12  -10  
94  -25  
37  88  
0  64  
80  60  
-97  23  
0  0  
94  85  
-62  59  
0  0  
0  0  
-68  80  
-1  29  
-50  26  
28  -47  
-51  3  
-69  -87  
-90  25  
29  23  
0  0  
-50  -50  
70  -97  
60  -52  
-19  100  
-93  -54  
-32  -28  
0  0  
-53  -67  
-42  11  
0  0  
25  -78  
-27  -43  
32  -88  
-47  -81  
28  75  
98  8  
0  0  
-79  44  
23  22  
-2  30  
-77  62  
64  0  
70  -33  
67  -59  
85  -7  
-51  -93  
0  0  
13  -81  
84  67  
52  65  
21  -92  
0  0  
0  0  
0  0  
0  0  
39  -6  
-27  -6  
0  0  
78  48  
9  82  
-63  48  
0  0  
0  0  
56  -18  
-29  -71  
-59  67  
22  30  
1  -70  
0  0  
0  0  
0  0  
0  0  
0  0  
-3  -40  
0  0  
90  -63  
-37  -96  
6  -24  
-78  -68  
9  22  
0  0  
55  23  
-85  -52  
49  -29  
66  -99  
-16  -16  
-52  47  
-92  -17  
1  -34  
0  0  
-39  93  
56  -18  
-73  -80  
58  88  
42  -35  
-70  -92  
0  0  
0  0  
-84  -52  
26  -87  
77  -95  
37  85  
81  73  
71  29  
30  -33  
-51  61  
3  -90  
-60  49  
82  -22  
33  17  
0  0  
0  0  
99  -25  
-32  -58  
-47  -60  
-79  -30  
0  0  
0  0  
-62  -29  
-35  19  
-35  83  
-4  -15  
-84  29  
-10  0  
-20  -52  
-27  35  
-47  -15  
2  47  
-18  82  
45  13  
-51  -71  
28  3  
-43  73  
-96  70  
-43  65  
0  0  
-92  68  
-48  -88  
58  -86  
95  18  
-68  -45  
-29  -27  
99  -86  
-80  43  
0  0  
46  40  
0  0  
41  -87  
70  -5  
0  0  
-97  63  
0  0  
-52  35  
97  -37  
0  0  
-66  57  
58  20  
-3  20  
-5  83  
-93  88  
96  29  
-45  68  
0  0  
29  93  
0  0  
0  0  
0  0  
-95  -46  
63  -56  
90  -19  
40  -44  
0  0  
75  -85  
-52  85  
0  0  
81  40  
89  -13  
18  69  
0  0  
-72  56  
59  9  
-45  82  
-68  -57  
89  -33  
0  0  
0  0  
13  84  
-51  -83  
76  -64  
0  0  
74  -66  
0  0  
4  75  
45  10  
-6  -51  
39  -38  
-10  95  
44  -94  
17  -37  
-9  55  
-59  -29  
-35  -84  
0  0  
64  46  
0  0  
-36  -25  
55  -21  
0  0  
0  0  
-77  -28  
-46  81  
94  8  
-83  -61  
-93  -26  
-32  82  
0  0  
-97  59  
-49  -27  
0  0  
39  -49  
-24  56  
48  -93  
-20  40  
0  0  
52  -53  
35  68  
-17  -74  
34  -60  
65  -8  
-46  89  
90  -36  
-6  8  
-31  -74  
-99  94  
31  12  
-94  65  
28  91  
0  0  
-79  -36  
-77  -8  
28  31  
94  -76  
-88  95  
64  47  
21  -94  
0  0  
23  -8  
-6  24  
0  0  
84  -83  
0  0  
0  0  
-78  -79  
-43  -40  
-60  -38  
58  84  
51  22  
13  -25  
0  0  
0  0  
0  0  
94  50  
0  0  
-4  -49  
71  -60  
0  0  
0  0  
0  0  
69  85  
23  20  
-22  -91  
-57  -91  
-11  -52  
0  0  
0  0  
-98  39  
54  16  
23  -61  
0  0  
31  -75  
-31  100  
-91  -77  
-20  75  
-43  -20  
72  83  
0  -20  
-92  -63  
-93  34  
-66  34  
36  10  
2  15  
-57  -100  
0  0  
0  0  
88  -57  
54  52  
34  -65  
59  -70  
-89  6  
-76  47  
0  0  
-15  44  
0  0  
-93  -70  
77  10  
0  0  
-51  -24  
27  35  
0  0  
66  -5  
90  45  
92  96  
-47  54  
74  39  
31  -48  
22  -80  
70  -10  
23  -12  
0  0  
0  0  
97  -71  
42  24  
45  -90  
-42  82  
-13  -66  
0  0  
50  2  
39  14  
44  -68  
100  -95  
0  0  
0  0  
0  0  
-6  33  
24  -43  
-49  33  
0  0  
-58  -75  
0  0  
-77  91  
30  -93  
0  0  
0  0  
82  -61  
0  0  
0  0  
8  -71  
67  -47  
51  47  
0  0  
-32  -80  
46  -89  
97  52  
0  0  
-95  -77  
74  11  
0  0  
21  99  
53  -34  
42  32  
0  0  
0  0  
-6  57  
-17  -68  
22  -1  
21  31  
-57  57  
67  -41  
-40  74  
-53  35  
80  14  
48  -14  
0  0  
0  0  
-42  -80  
-30  -61  
-85  53  
-19  -65  
38  -59  
57  54  
-40  -22  
-90  42  
73  -91  
17  24  
0  0  
71  43  
0  0  
57  3  
-6  73  
-30  -90  
-74  90  
19  56  
21  65  
23  -92  
-15  -28  
0  0  
26  70  
-19  -60  
24  30  
0  64  
32  -22  
94  49  
-26  97  
0  0  
91  30  
6  -10  
44  -10  
0  0  
-30  81  
0  0  
-54  66  
-98  95  
7  71  
0  0  
60  -75  
-47  44  
-68  -10  
-76  -18  
49  37  
35  29  
58  43  
-36  -15  
-59  46  
36  66  
0  0  
43  -76  
58  -8  
7  46  
28  74  
52  11  
-21  -57  
77  56  
79  -93  
-21  73  
-78  -10  
0  0  
-27  5  
22  -53  
62  37  
-24  -46  
-24  62  
100  34  
0  0  
0  0  
-61  -24  
-17  -34  
98  -60  
-10  -32  
-74  87  
-35  97  
-27  92  
-30  93  
74  65  
-86  -69  
-2  -59  
52  73  
-84  13  
0  0  
0  0  
88  -56  
-33  69  
-95  4  
-95  89  
72  -20  
-69  -64  
-95  -22  
46  8  
0  0  
0  0  
47  -44  
27  29  
8  19  
-20  80  
-68  -25  
0  0  
-48  -93  
74  -96  
19  61  
0  0  
96  -83  
0  0  
-19  52  
-98  6  
-32  12  
-99  8  
0  0  
-38  47  
55  90  
-55  43  
26  -12  
0  0  
-74  36  
-94  -83  
84  22  
51  -14  
53  12  
61  -31  
37  18  
-52  96  
0  0  
83  -52  
-60  11  
68  -64  
0  0  
-24  15  
-82  2  
27  92  
-74  -85  
88  46  
0  0  
46  -56  
-16  15  
76  67  
48  66  
-9  36  
8  -44  
76  -45  
0  0  
0  0  
29  91  
-24  84  
-58  9  
-12  -7  
0  0  
12  -1  
-8  -92  
0  0  
-80  -69  
40  -72  
-41  14  
17  77  
-86  94  
-96  -70  
16  31  
19  2  
87  24  
31  29  
0  0  
-32  -63  
-51  -64  
-41  16  
-20  16  
38  72  
0  0  
-19  36  
58  7  
9  -58  
0  0  
0  0  
67  20  
54  -31  
-69  -86  
-6  98  
-17  -5  
-74  26  
-43  -3  
66  45  
-61  15  
-86  10  
0  0  
-30  18  
-86  -85  
-65  -78  
0  0  
-81  -3  
-35  89  
-63  48  
-13  -21  
-51  -55  
0  0  
0  0  
-32  -94  
-43  9  
-57  -18  
-60  28  
-50  -59  
-99  -55  
0  0  
73  -23  
76  10  
-46  3  
-10  45  
0  0  
-10  44  
-1  -65  
0  0  
-27  -53  
44  -55  
-5  52  
-59  -46  
87  60  
-61  -93  
-9  68  
78  -61  
0  0  
0  0  
20  44  
-57  76  
0  0  
-33  1  
68  2  
0  0  
-54  89  
0  0  
-76  58  
10  -37  
-48  91  
-82  50  
0  0  
-13  64  
18  55  
0  0  
-27  -8  
-19  67  
-41  -52  
77  43  
8  62  
0  0  
92  -96  
-68  25  
0  0  
-48  79  
-86  63  
-1  34  
57  -90  
94  75  
-10  57  
0  0  
0  0  
43  -34  
-32  57  
12  18  
29  20  
-70  90  
-59  -5  
-2  -54  
26  44  
-92  -11  
-86  22  
0  0  
-32  -17  
0  0  
0  0  
-56  43  
0  0  
18  -59  
61  -80  
0  0  
-18  48  
69  32  
18  -6  
11  59  
-8  67  
47  96  
-85  -53  
-77  -51  
-37  68  
19  84  
0  0  
-6  22  
0  0  
-99  94  
-67  -58  
46  39  
62  -63  
41  -29  
60  89  
46  -18  
-75  99  
0  0  
39  -13  
22  -12  
36  -61  
-78  72  
89  -62  
-25  21  
-58  79  
45  -90  
0  0  
35  -45  
19  -52  
-49  -70  
72  -64  
-33  -60  
60  3  
-36  -78  
35  37  
0  0  
-86  -50  
-97  61  
53  39  
-2  -28  
0  0  
47  26  
38  -96  
51  -77  
-92  58  
-41  90  
-84  -16  
-81  -16  
-1  -85  
0  0  
1  49  
57  -65  
0  0  
54  -50  
-7  -91  
0  0  
63  34  
75  -89  
-30  46  
-29  30  
7  -88  
0  0  
-13  3  
-32  -6  
0  0  
-38  0  
0  0  
-22  -53  
53  70  
-92  -50  
52  85  
54  -46  
-14  77  
-6  -25  
8  -83  
88  75  
93  -68  
0  0  
0  0  
-32  -10  
-71  -9  
47  -10  
-32  -94  
-21  -80  
0  0  
-32  26  
-34  46  
9  19  
-56  -58  
0  0  
53  20  
46  59  
3  84  
0  0  
99  96  
13  11  
36  30  
34  16  
-73  -55  
-93  18  
0  0  
33  18  
-41  79  
62  90  
0  0  
-1  10  
0  0  
-18  32  
3  20  
-40  9  
-96  69  
0  0  
0  0  
0  0  
-40  -28  
0  0  
-82  28  
9  79  
34  92  
-62  72  
-9  28  
0  0  
-46  15  
23  -77  
90  -78  
41  -58  
0  0  
-83  -55  
96  -14  
0  0  
71  12  
-36  56  
40  33  
0  0  
10  60  
0  0  
-4  94  
24  -66  
27  88  
-31  -95  
35  -54  
0  0  
-50  70  
-74  -97  
32  -59  
0  0  
0  0  
52  76  
32  29  
13  -28  
-9  82  
0  0  
85  41  
-51  20  
83  -59  
0  0  
-11  58  
7  8  
98  -71  
0  0  
0  0  
54  -49  
0  0  
-1  17  
3  -36  
-47  -54  
72  -98  
15  20  
1  -83  
-47  63  
18  -36  
2  -78  
-1  -82  
87  30  
-28  76  
-60  -66  
0  0  
-67  71  
-1  8  
-10  20  
-68  43  
0  0  
-57  -15  
9  62  
-60  -6  
-46  80  
71  -96  
-49  44  
0  0  
30  -69  
0  0  
0  0  
0  0  
-16  16  
-60  43  
66  56  
0  0  
88  -91  
0  0  
0  0  
-26  -54  
0  0  
0  0  
0  0  
-98  79  
-49  79  
-78  63  
-11  -1  
0  0  
-43  -2  
0  0  
3  -52  
0  0  
63  50  
59  -90  
0  0  
-79  41  
43  -54  
-24  -90  
-6  -64  
0  0  
0  0  
87  -18  
81  -21  
-45  23  
8  -18  
0  0  
0  0  
-85  51  
-65  -20  
92  -14  
9  11  
92  -95  
-14  -20  
0  0  
80  57  
0  0  
39  74  
-99  4  
90  43  
11  -14  
6  26  
-76  -25  
-10  38  
53  9  
-12  -26  
-61  -47  
-59  81  
-15  84  
0  0  
-13  -26  
74  -89  
8  33  
-48  35  
-28  27  
-77  -36  
-86  -50  
-49  62  
-41  30  
68  -74  
62  -10  
35  28  
-29  83  
-4  -40  
0  0  
-56  -39  
43  -41  
-67  26  
-25  40  
-36  17  
73  88  
43  -88  
86  -56  
50  46  
0  0  
-83  -4  
96  88  
-30  28  
25  -57  
-75  -69  
96  -42  
-72  100  
0  0  
-87  62  
-37  -5  
98  22  
-35  4  
60  96  
0  68  
-72  83  
-77  -13  
69  97  
-3  -10  
95  -23  
0  0  
-20  -67  
-58  -41  
0  0  
-93  -46  
8  -81  
21  -86  
6  -13  
0  0  
-27  68  
79  22  
48  -83  
-5  -93  
-16  60  
3  -15  
79  23  
-69  -24  
43  62  
-29  -67  
0  0  
-18  84  
12  -49  
45  13  
61  -32  
95  12  
13  27  
80  63  
-14  -92  
0  0  
0  0  
14  -35  
-99  88  
0  0  
36  -96  
87  73  
93  -30  
51  -51  
40  72  
-92  -1  
26  -86  
0  0  
87  -88  
0  0  
-98  61  
-47  47  
-75  75  
57  -31  
98  -69  
0  0  
0  0  
17  -58  
-70  52  
0  0  
-58  38  
-21  -3  
10  29  
-53  64  
7  -58  
-62  -36  
0  0  
-74  -55  
85  -44  
86  47  
66  23  
85  35  
0  0  
-88  -2  
-86  -28  
19  24  
38  42  
33  30  
-75  -30  
13  -65  
0  0  
-6  1  
29  86  
-84  53  
0  0  
0  0  
-56  36  
6  14  
92  -74  
-92  95  
64  74  
-84  -85  
14  -92  
0  0  
0  0  
0  0  
84  45  
6  27  
64  -5  
-70  14  
0  0  
8  -68  
-71  57  
-2  40  
-92  93  
11  99  
87  48  
-13  49  
-56  94  
86  -55  
4  15  
-4  20  
0  0  
70  -71  
-14  -44  
-66  17  
-46  -27  
-52  -59  
52  87  
81  -88  
-35  9  
92  63  
80  -8  
0  0  
77  -77  
7  25  
-62  -84  
60  -3  
65  79  
0  0  
0  0  
-15  69  
-92  46  
-53  67  
-15  -80  
-94  21  
0  0  
17  -11  
75  83  
-73  -52  
57  34  
22  -41  
15  30  
-81  -62  
47  76  
-64  -34  
-82  37  
0  0  
-51  -47  
49  -3  
-97  66  
-55  20  
74  22  
-19  -52  
0  0  
0  0  
-57  93  
-82  26  
-35  -96  
-81  -95  
0  0  
98  -16  
7  -58  
0  0  
-50  -71  
-66  44  
12  -33  
13  -47  
0  0  
-85  56  
-3  17  
85  -46  
-1  67  
-48  79  
51  13  
0  0  
15  -59  
-76  -22  
34  35  
36  33  
71  79  
49  -23  
61  -33  
63  -8  
36  13  
-97  -51  
64  -88  
72  -37  
0  0  
73  -98  
46  30  
90  18  
-74  63  
19  68  
4  -54  
-52  -67  
63  -83  
99  -87  
-58  73  
86  -37  
0  0  
25  29  
-65  -87  
1  48  
70  25  
-78  -61  
84  -71  
48  93  
38  67  
55  66  
-97  59  
73  -59  
-79  43  
0  0  
13  -24  
98  -9  
0  0  
-26  44  
-29  -44  
-43  86  
74  89  
61  6  
-65  -65  
56  -43  
8  -68  
60  52  
0  0  
71  -2  
-74  -67  
0  0  
0  0  
-96  -22  
-99  -18  
48  -40  
-68  -34  
49  11  
-31  45  
51  74  
67  -90  
-38  3  
0  0  
13  94  
77  -56  
-83  83  
79  -16  
-97  -31  
-28  87  
-11  -96  
58  -43  
0  0  
-78  -32  
0  0  
-29  50  
0  0  
-32  -47  
76  -34  
25  39  
-36  -51  
-62  2  
-98  -20  
0  0  
0  0  
6  81  
0  0  
0  0  
60  60  
5  93  
-7  4  
-72  -18  
-88  -43  
8  -87  
0  0  
0  0  
0  0  
-68  48  
0  0  
-23  23  
-86  5  
13  21  
45  19  
66  17  
-78  5  
-59  14  
-10  -44  
0  0  
0  0  
0  0  
18  7  
-72  -64  
-91  -60  
-19  -90  
-14  -56  
-2  -92  
14  -17  
63  -46  
77  -100  
-57  66  
0  0  
-54  -82  
0  0  
44  -6  
-96  50  
55  -8  
-27  76  
46  34  
-1  14  
98  -88  
0  0  
83  80  
92  -75  
0  0  
-28  22  
0  0  
59  -4  
13  14  
-53  69  
0  0  
-11  -50  
71  51  
-25  -44  
-30  48  
46  85  
0  0  
0  0  
68  20  
61  -95  
10  -4  
-4  75  
62  87  
47  -43  
4  52  
72  -55  
-21  -36  
17  -50  
-70  -2  
-32  80  
95  79  
0  0  
64  74  
-75  5  
-92  17  
-79  -58  
40  26  
-50  59  
-78  21  
4  -75  
4  -60  
-92  -24  
4  56  
82  22  
0  0  
-47  30  
-73  74  
25  19  
93  -66  
-3  44  
-19  88  
48  -41  
0  0  
-54  60  
41  -8  
25  41  
34  -23  
83  -57  
-74  83  
-30  -5  
-50  25  
-82  35  
-16  51  
-42  31  
0  0  
-30  43  
-75  97  
0  0  
69  -19  
0  0  
-45  81  
-72  66  
22  64  
-17  -49  
-42  -6  
-30  -83  
-48  92  
1  58  
-82  32  
-37  85  
0  0  
14  76  
-14  -3  
0  0  
96  -90  
38  -33  
0  0  
-44  73  
58  -91  
0  0  
-69  38  
-76  6  
-56  -25  
92  46  
0  0  
71  -64  
-24  -26  
-15  69  
6  -81  
-26  25  
61  -43  
-86  -80  
58  -60  
-76  16  
-58  -95  
0  0  
-23  -77  
30  -30  
0  0  
-94  93  
62  34  
0  0  
21  -56  
-45  -54  
-15  -12  
-91  63  
0  0  
-88  73  
0  0  
0  0  
0  0  
42  13  
-82  52  
3  -75  
-97  55  
-33  -40  
-3  43  
34  75  
33  -86  
0  0  
0  0  
0  0  
-24  -9  
0  0  
-86  -18  
-36  -35  
41  -98  
18  -31  
0  0  
-80  -40  
-85  -12  
-34  -52  
-93  26  
0  0  
29  48  
0  0  
-85  79  
95  -14  
-34  86  
0  0  
-13  5  
-58  63  
62  -1  
0  0  
4  -85  
99  -78  
49  -78  
5  -49  
-90  92  
60  -20  
34  -75  
37  -41  
0  0  
-9  16  
0  0  
15  16  
0  0  
-15  30  
0  0  
-70  48  
-88  50  
-3  -39  
80  -52  
63  -27  
92  -78  
0  0  
0  0  
3  51  
77  -99  
-31  -79  
-56  1  
-73  88  
-98  -14  
-49  -83  
0  0  
65  -97  
-91  48  
-61  37  
87  72  
0  0  
52  66  
-4  19  
-55  35  
41  -97  
-57  -97  
-32  -34  
-3  55  
-5  -60  
-47  -91  
76  54  
10  21  
-57  75  
13  62  
0  0  
-39  8  
60  -1  
0  0  
49  -71  
48  94  
81  23  
-86  14  
-3  40  
-97  59  
5  64  
2  -23  
54  8  
33  46  
-87  12  
33  37  
15  -4  
96  -88  
12  -28  
-54  -47  
-21  67  
67  -89  
-29  88  
-10  86  
0  0  
-47  23  
-57  -79  
85  -89  
0  0  
-21  88  
0  0  
52  46  
9  78  
95  -87  
80  81  
14  -97  
-11  95  
-68  49  
61  28  
0  0  
75  -47  
0  0  
0  0  
31  2  
34  28  
14  -4  
35  84  
75  -30  
81  -4  
61  -96  
-68  -32  
25  -40  
24  -5  
0  0  
-72  11  
79  -94  
46  78  
-62  83  
88  -76  
59  -47  
-38  1  
-64  -99  
0  0  
99  45  
-74  58  
0  0  
-36  49  
-11  36  
-78  -3  
89  -92  
62  -60  
0  0  
-4  83  
1  -54  
0  0  
0  0  
0  0  
-38  99  
0  0  
-38  -24  
-52  -31  
95  -36  
13  -34  
-40  -49  
49  -34  
0  0  
34  -90  
44  -54  
-66  -6  
82  -57  
95  43  
0  0  
65  71  
85  42  
98  -36  
-16  -30  
-64  66  
97  -99  
-10  64  
-88  6  
-5  21  
-18  -20  
0  0  
0  0  
95  -98  
-5  72  
-83  42  
-74  17  
-62  -7  
-31  25  
-16  29  
0  0  
0  0  
0  0  
-85  -85  
10  59  
0  0  
72  -67  
-11  -74  
0  0  
-11  21  
16  -23  
70  -2  
7  -11  
-70  61  
-94  23  
55  15  
0  0  
25  -82  
-56  44  
23  -83  
0  0  
-50  70  
-39  33  
22  -4  
0  0  
-62  79  
-14  21  
98  -3  
0  0  
0  0  
-12  -85  
90  9  
22  76  
-96  70  
50  78  
0  0  
0  0  
0  0  
49  70  
-93  68  
53  8  
-67  -65  
-4  73  
-48  -38  
-72  54  
-62  -26  
-80  30  
90  -2  
-66  -12  
-84  25  
-76  11  
73  77  
-76  30  
-13  87  
-29  -27  
-50  -70  
-94  91  
-92  -22  
-38  -11  
-47  -13  
82  1  
-38  -25  
-57  -68  
-32  22  
-56  84  
-43  21  
80  -63  
0  0  
-88  85  
-76  -46  
-91  54  
-11  -81  
0  0  
-18  0  
-63  53  
25  43  
54  -51  
31  -97  
0  0  
-53  85  
-28  90  
-79  27  
0  0  
-4  54  
24  -30  
-54  -45  
0  0  
0  0  
45  35  
0  0  
8  30  
-37  41  
-46  -59  
76  -95  
0  0  
6  47  
2  72  
84  -94  
-37  46  
0  0  
19  57  
15  91  
-42  -18  
39  49  
-10  -80  
34  -57  
75  -67  
-25  80  
15  -66  
-66  -81  
0  0  
27  86  
6  -92  
-79  84  
48  -72  
0  0  
52  -100  
-74  -18  
0  0  
-21  -47  
8  -74  
-30  3  
-46  85  
-72  -91  
59  83  
-28  -86  
34  -56  
-69  21  
-36  96  
43  34  
-45  -6  
0  0  
-81  93  
3  -31  
-89  -57  
-18  85  
3  -34  
16  26  
-22  3  
5  52  
-76  -68  
17  -53  
-24  25  
-79  2  
-15  14  
-46  33  
-18  -19  
43  -88  
-46  75  
-34  -26  
28  33  
96  -86  
78  -25  
-31  0  
0  0  
0  0  
65  -15  
88  -52  
-29  15  
-49  48  
-37  30  
0  0  
0  0  
20  -28  
0  0  
0  0  
0  -13  
-64  -29  
-3  -20  
-4  14  
11  -57  
96  -96  
25  -9  
0  0  
64  26  
0  0  
0  0  
-70  16  
58  -93  
0  0  
-1  42  
58  -29  
27  -57  
53  7  
-70  23  
83  -60  
27  -17  
-84  -26  
-76  -24  
82  58  
-43  0  
3  38  
-66  99  
-56  -81  
26  90  
-56  39  
91  91  
0  0  
-80  89  
-13  -56  
21  -35  
-30  -63  
18  64  
0  0  
-73  99  
0  0  
0  0  
-16  57  
83  -91  
21  25  
44  -86  
0  0  
-2  76  
-63  27  
0  0  
0  0  
-4  -46  
2  -26  
0  0  
0  0  
81  -88  
-53  40  
-88  -9  
42  79  
15  -48  
-64  76  
41  52  
-73  56  
0  0  
-81  48  
20  20  
51  18  
-53  56  
-39  56  
0  0  
87  -53  
92  -62  
-74  40  
-72  -46  
-27  42  
-42  -22  
0  0  
40  81  
94  -86  
-74  -46  
0  0  
-27  -95  
-10  87  
40  98  
-42  58  
-54  52  
43  25  
-19  -57  
-2  -93  
0  0  
-31  86  
-90  -97  
-96  58  
73  -89  
-49  -76  
0  0  
-29  75  
-53  26  
-8  4  
49  87  
-40  24  
-96  48  
77  -43  
-57  51  
-28  17  
0  0  
44  -39  
19  -8  
-55  -32  
0  0  
87  1  
-7  36  
0  0  
26  -54  
25  -13  
6  -32  
20  30  
0  0  
90  -8  
21  -69  
-49  -26  
-75  -35  
-51  -59  
60  -96  
74  33  
-65  -23  
58  56  
80  77  
49  16  
96  -54  
59  47  
0  0  
39  -38  
11  73  
48  60  
-73  61  
-17  93  
-58  16  
0  0  
-96  44  
23  41  
37  45  
-93  71  
2  76  
0  0  
85  -87  
45  64  
-41  -58  
-42  -79  
-17  22  
-94  33  
-97  -75  
-8  -25  
-36  -18  
-54  11  
97  -96  
87  18  
-35  25  
-40  56  
-4  -18  
-28  5  
52  -85  
-84  -41  
87  -50  
41  -63  
77  -38  
-35  -55  
-47  -56  
-78  -15  
61  32  
0  0  
-38  -33  
-49  19  
2  -20  
-19  -52  
43  -73  
0  0  
-54  -63  
-66  -62  
89  54  
0  0  
0  0  
94  -39  
0  0  
-82  36  
22  85  
0  0  
0  0  
0  0  
72  0  
0  0  
43  -9  
-33  46  
-25  -12  
44  4  
0  0  
28  68  
-34  31  
75  58  
64  -22  
75  51  
75  27  
0  0  
56  -72  
0  0  
0  0  
81  -3  
92  -88  
-14  76  
-18  -23  
5  4  
31  -9  
-69  -26  
-89  61  
32  -10  
-88  -60  
13  8  
-52  35  
-99  92  
-84  -30  
96  -60  
84  -60  
-8  88  
71  -72  
-30  -91  
20  -43  
55  -83  
-25  -57  
83  -53  
0  0  
-98  -33  
0  0  
83  -66  
87  76  
0  0  
-71  -53  
77  35  
-38  13  
-97  97  
40  -73  
35  -93  
30  -80  
18  -46  
38  20  
80  -40  
-97  36  
-16  51  
34  -20  
0  0  
-37  10  
0  0  
-21  -78  
-52  91  
-35  -93  
20  2  
0  0  
81  -83  
25  -66  
-79  -85  
-65  -5  
-11  -89  
0  0  
0  0  
100  6  
23  90  
69  -8  
50  2  
12  -100  
-45  98  
-26  -9  
-58  -28  
-20  26  
72  41  
65  -70  
89  -67  
86  -44  
-6  23  
0  0  
-38  25  
66  29  
0  0  
0  0  
20  -16  
81  -23  
0  0  
-98  93  
0  0  
-29  41  
0  0  
74  -53  
0  0  
-96  96  
0  0  
-84  47  
-87  -56  
31  38  
3  -9  
15  -80  
-7  25  
-64  77  
-9  -1  
32  59  
-2  -32  
46  43  
-90  -27  
-66  -3  
0  0  
-55  61  
-69  28  
0  0  
-44  14  
-45  75  
46  -72  
0  0  
59  57  
-93  84  
-17  -78  
78  95  
-29  -28  
0  0  
-94  14  
-45  -53  
94  -98  
4  -46  
0  0  
26  36  
54  -35  
0  0  
-68  96  
-16  -21  
0  0  
-53  -50  
49  87  
65  0  
0  0  
-99  -4  
-80  53  
78  -61  
92  -11  
0  0  
-3  -91  
0  0  
-4  46  
-98  -8  
-100  93  
-64  63  
-4  -60  
0  0  
51  -30  
-82  53  
0  0  
0  0  
17  86  
-36  78  
66  -68  
-93  54  
67  51  
-11  -78  
0  0  
-91  26  
71  -15  
0  0  
0  0  
-6  80  
6  -12  
87  -85  
0  98  
71  40  
64  -77  
78  0  
74  -16  
74  -71  
87  -33  
49  -97  
85  76  
-37  -61  
-51  -48  
0  0  
-77  -18  
84  75  
0  0  
-46  74  
-22  -79  
0  0  
54  49  
43  31  
-80  -32  
0  0  
0  0  
-19  93  
0  0  
-33  60  
-88  85  
73  -15  
-4  8  
-6  24  
0  0  
-45  28  
-13  38  
81  -64  
77  92  
93  2  
32  -14  
83  23  
77  8  
26  -43  
-3  96  
29  -16  
0  0  
29  93  
18  -47  
0  0  
34  -77  
-16  31  
25  53  
44  23  
-29  -27  
96  13  
-88  15  
40  -87  
0  0  
-9  -55  
0  0  
-98  80  
0  0  
87  25  
0  0  
-6  91  
21  22  
0  0  
26  -74  
15  29  
-84  3  
-74  64  
-21  88  
-15  51  
0  0  
-16  -65  
0  0  
5  58  
0  0  
71  93  
17  -51  
3  42  
0  0  
0  0  
-68  21  
-24  -22  
5  -65  
0  0  
41  -55  
14  49  
88  -2  
7  -7  
95  -48  
-11  20  
0  0  
-14  70  
0  0  
44  86  
98  -95  
0  0  
0  0  
0  0  
-50  -46  
-86  59  
-31  78  
-27  -89  
44  -59  
13  77  
0  0  
84  -89  
73  -37  
87  -73  
14  72  
94  25  
-25  83  
93  -25  
82  -3  
55  -75  
0  0  
69  62  
-15  10  
33  -45  
-34  -95  
65  -13  
-32  20  
-31  -70  
16  69  
96  -86  
-59  39  
0  0  
-75  -93  
0  0  
-84  -51  
14  84  
70  63  
47  -75  
-20  21  
34  -53  
0  0  
-27  -7  
-26  -20  
11  40  
0  0  
45  43  
0  0  
32  -67  
0  0  
-66  28  
45  50  
-85  98  
0  0  
-38  0  
-95  97  
27  18  
0  0  
82  -12  
0  0  
-64  66  
0  0  
85  -20  
-61  16  
-26  82  
-16  -50  
-94  0  
29  95  
-74  -12  
-22  68  
38  -71  
-4  80  
87  -79  
66  59  
-18  18  
0  0  
0  0  
48  -47  
0  0  
-86  -21  
-42  -25  
-58  -5  
14  -45  
52  11  
-49  -20  
0  0  
-33  33  
3  98  
-78  16  
-40  93  
-46  89  
18  23  
-46  83  
71  4  
-20  -20  
22  41  
-81  76  
0  0  
-15  24  
0  0  
-40  -77  
0  0  
11  75  
-98  95  
58  88  
-24  65  
-24  30  
-90  -1  
-73  82  
0  0  
0  0  
0  0  
62  29  
84  -28  
-32  -5  
0  0  
0  0  
0  0  
72  -41  
42  -74  
28  -66  
-54  4  
-33  -97  
-52  57  
50  50  
-38  36  
-45  89  
-49  97  
-99  -82  
-19  57  
-43  -68  
0  0  
-55  95  
-33  -6  
-15  39  
-60  -11  
-68  -40  
0  0  
-47  55  
5  46  
0  0  
87  -96  
24  65  
0  0  
16  -77  
40  80  
-6  -94  
25  13  
2  -63  
4  92  
-41  59  
-75  99  
-98  67  
-31  90  
-95  82  
-85  62  
84  -24  
-86  48  
-22  -62  
-17  23  
80  20  
-37  -91  
52  16  
-92  -14  
-19  -78  
0  0  
-83  52  
-30  -65  
16  -18  
84  -52  
-10  20  
0  0  
-44  -27  
-34  66  
-81  -69  
-23  -27  
-31  75  
-96  -28  
-94  -61  
41  10  
0  0  
-88  -21  
77  20  
-87  76  
80  -96  
11  94  
0  0  
0  0  
-57  38  
0  0  
-52  -82  
50  -69  
-29  -7  
54  50  
-94  -66  
11  -3  
32  69  
-93  65  
10  -5  
0  0  
93  -66  
-55  54  
0  0  
-28  -8  
0  0  
91  66  
-40  25  
99  37  
96  -28  
-20  8  
0  0  
94  -47  
-77  31  
-55  27  
67  9  
28  97  
85  63  
-65  19  
0  0  
92  99  
67  -82  
-37  -71  
-92  54  
0  0  
-65  95  
0  0  
-87  67  
29  -83  
85  56  
7  62  
28  39  
-46  -27  
0  0  
-14  89  
52  -10  
0  0  
-3  -1  
43  -47  
14  63  
-81  70  
92  -49  
-55  66  
-47  -22  
0  0  
80  -93  
-7  -94  
13  -11  
0  0  
43  40  
89  -90  
0  0  
-36  1  
-36  -54  
-14  33  
-55  51  
78  -44  
47  -28  
98  63  
-94  -65  
63  -93  
0  0  
25  87  
56  -65  
92  -49  
71  -56  
44  -21  
-11  -85  
-62  -3  
89  38  
-93  49  
-41  13  
-34  16  
27  -91  
80  -59  
0  0  
75  81  
0  0  
34  -52  
-22  -79  
0  0  
42  22  
-10  12  
51  76  
-87  100  
-56  3  
6  98  
-94  38  
-35  70  
53  24  
-83  -7  
-78  43  
37  -4  
-41  -87  
4  -87  
-32  -6  
0  0  
-4  10  
-59  92  
-33  -15  
54  -23  
-36  -6  
-61  18  
77  30  
0  0  
-50  -50  
-74  6  
-75  -38  
-99  15  
-65  37  
0  0  
39  8  
0  0  
-79  56  
-32  -5  
-41  65  
88  -36  
-78  100  
96  -88  
0  0  
-85  -80  
-74  64  
-73  26  
-82  14  
48  73  
0  0  
-13  95  
27  94  
0  0  
0  0  
0  0  
-6  36  
12  79  
-52  -31  
0  0  
57  99  
93  -12  
76  59  
-82  92  
65  -30  
93  -77  
42  -20  
85  -24  
65  -91  
-38  -85  
92  11  
-47  -76  
-31  9  
-10  -45  
-56  90  
-2  37  
-35  -68  
14  38  
0  0  
-95  77  
-8  78  
-40  17  
-6  22  
-38  -50  
55  70  
78  -2  
-95  36  
-50  93  
0  0  
34  26  
79  24  
-6  -29  
-76  62  
83  -65  
-81  -43  
0  0  
0  0  
53  52  
62  39  
88  46  
-72  -42  
94  -18  
-54  -3  
-22  -88  
21  69  
-66  97  
40  -46  
77  -6  
88  -53  
0  0  
-76  65  
-1  -98  
-82  -24  
0  0  
-96  51  
0  0  
95  -34  
-60  22  
41  -26  
-44  99  
42  -61  
-87  39  
0  0  
-98  -33  
32  96  
-89  29  
0  97  
-80  -55  
-4  -4  
-34  63  
39  42  
90  4  
-83  -63  
0  0  
-85  91  
0  0  
0  0  
0  0  
-98  79  
32  -78  
0  0  
32  55  
-6  -61  
38  -92  
75  -40  
-57  48  
-26  82  
-8  -39  
0  0  
24  26  
0  0  
0  0  
49  -83  
77  -89  
2  14  
-36  88  
28  -42  
83  -92  
-90  70  
33  9  
0  0  
-24  97  
79  -89  
10  -79  
3  -5  
-8  82  
-38  -77  
-98  79  
-92  -63  
83  -78  
18  54  
-1  -33  
24  22  
61  99  
-33  -80  
-34  92  
84  80  
-33  -22  
-81  48  
32  8  
-71  -4  
-40  75  
0  0  
-25  -88  
20  54  
77  30  
33  -69  
-98  77  
-60  -62  
65  28  
0  0  
0  0  
-29  -2  
-11  -27  
12  54  
84  -69  
-92  -18  
-12  -5  
-52  48  
53  77  
19  1  
-8  99  
-77  91  
80  -77  
0  0  
0  0  
-28  48  
-49  100  
0  0  
3  -67  
-97  -76  
0  0  
0  0  
0  0  
72  36  
-71  49  
0  0  
-7  -56  
-23  -47  
66  -6  
47  -30  
8  93  
37  -96  
34  -14  
-55  39  
0  0  
77  -11  
73  -54  
16  -59  
-52  66  
-44  27  
0  0  
0  -24  
-98  -57  
-38  49  
-70  -60  
-92  -35  
-29  44  
-6  89  
77  -6  
-6  -3  
0  0  
-28  -7  
0  0  
-66  -23  
-45  68  
95  -70  
31  66  
0  0  
-73  35  
-53  2  
0  0  
89  -25  
0  0  
0  0  
75  92  
-32  -57  
0  0  
0  0  
-1  -55  
0  0  
14  -45  
-89  -47  
-16  51  
68  12  
83  56  
0  0  
-55  75  
29  -10  
89  -38  
-15  -83  
95  -90  
54  7  
-75  70  
87  -56  
0  0  
-26  28  
88  47  
0  0  
-80  -63  
0  0  
0  0  
96  30  
0  0  
80  -53  
0  0  
-5  -71  
-11  62  
-90  -15  
0  0  
-98  92  
56  84  
17  85  
90  -80  
3  79  
0  0  
55  -51  
0  0  
-30  31  
13  -64  
0  0  
-97  59  
-96  70  
-79  30  
0  0  
-28  100  
0  0  
53  -69  
-15  26  
0  0  
-90  -68  
-36  -19  
0  0  
-15  63  
-41  -79  
-49  -27  
0  0  
20  -94  
-9  68  
-37  90  
0  0  
98  15  
99  -5  
-93  75  
75  -20  
56  -87  
0  0  
43  -78  
-34  82  
-36  -84  
-90  -45  
-55  -56  
0  0  
0  0  
-61  13  
3  -17  
-61  92  
-18  -5  
-16  -59  
61  -4  
13  -24  
0  0  
0  0  
0  0  
-61  28  
-16  -11  
17  33  
0  0  
5  38  
-48  -12  
49  -69  
-28  -38  
0  0  
0  0  
-38  44  
-29  4  
86  25  
-30  36  
-56  48  
-54  55  
28  -2  
69  -55  
96  -89  
13  95  
91  -25  
65  74  
-37  -80  
0  0  
0  0  
0  0  
-47  -62  
-83  15  
-6  43  
0  0  
-14  -54  
0  0  
91  -65  
-5  72  
0  0  
-27  63  
0  0  
-60  14  
0  0  
0  0  
-34  46  
-52  14  
12  -73  
0  0  
-36  44  
0  0  
85  -77  
11  78  
60  -18  
37  77  
0  0  
-6  70  
53  28  
71  -80  
0  0  
-18  -63  
73  33  
92  4  
0  0  
-30  -71  
30  -10  
62  -65  
-65  -90  
39  -77  
20  -51  
66  -77  
-98  76  
-93  -32  
54  -81  
-25  -57  
46  67  
0  0  
66  -97  
-12  9  
24  41  
-46  93  
38  -14  
0  0  
0  0  
0  0  
71  -25  
0  0  
0  0  
-56  23  
0  0  
80  -32  
-89  -70  
75  63  
40  52  
-78  3  
-1  -5  
0  0  
-3  14  
73  -54  
23  55  
0  0  
-70  73  
23  -70  
87  12  
0  0  
27  9  
0  0  
-1  27  
-37  45  
-74  -34  
-97  37  
61  -74  
0  0  
0  0  
0  0  
26  -53  
-80  23  
79  -6  
0  0  
-38  59  
23  -20  
21  -60  
-58  0  
72  47  
0  0  
89  -96  
-76  -50  
0  0  
10  58  
-15  3  
0  0  
-7  78  
94  -75  
85  -30  
51  52  
73  12  
64  68  
-12  -93  
-30  1  
-79  -67  
65  37  
80  -4  
0  0  
94  78  
53  -7  
74  -20  
93  2  
31  -21  
-61  -40  
-58  80  
93  2  
-64  89  
9  -71  
-12  -18  
0  -41  
-48  -77  
-74  -97  
-20  8  
-16  -71  
-40  29  
16  71  
47  -37  
26  -78  
-23  -97  
-61  -54  
-32  -25  
-97  -23  
-6  93  
51  52  
51  49  
61  -78  
-35  -42  
0  0  
66  -60  
-82  78  
-35  -38  
-19  -84  
-71  87  
-89  70  
72  -4  
-69  31  
-86  -76  
0  0  
0  0  
-94  -20  
0  0  
0  0  
83  -79  
-83  22  
85  9  
82  -99  
71  34  
-59  -73  
-60  77  
-68  -1  
15  96  
18  -61  
-72  51  
-48  -4  
0  0  
-79  -16  
-34  91  
92  -16  
81  -17  
-83  -19  
85  -60  
0  0  
9  49  
85  -53  
-85  -33  
78  92  
0  0  
49  -53  
6  30  
67  -99  
-96  83  
-78  8  
71  -59  
0  0  
5  93  
55  -71  
0  0  
-7  76  
-33  -12  
-41  -12  
3  0  
62  -16  
-94  -19  
36  94  
0  0  
-70  14  
79  -99  
7  -94  
-77  -42  
37  80  
-28  -52  
-84  58  
-56  -65  
-28  -67  
0  0  
58  83  
0  0  
57  69  
-32  -59  
-70  77  
-19  -71  
-97  -58  
-86  36  
0  0  
-9  -74  
51  -98  
0  0  
-70  -82  
20  93  
-44  71  
74  87  
90  -76  
14  5  
6  -75  
66  -66  
-50  -78  
93  -18  
17  -97  
6  -17  
-59  49  
12  44  
0  0  
-58  46  
0  0  
-90  9  
11  29  
-93  -30  
3  -71  
-52  37  
-10  100  
7  37  
41  37  
0  0  
-48  -98  
-82  70  
0  0  
8  -32  
0  0  
18  -22  
0  0  
-66  -4  
0  0  
34  -78  
48  85  
-29  94  
0  0  
-47  -74  
40  11  
25  61  
-52  -81  
-14  47  
-17  -91  
0  0  
-11  -88  
-16  81  
0  0  
88  22  
-55  -7  
99  -49  
-7  38  
0  0  
0  0  
0  0  
2  -30  
-1  99  
74  -98  
0  0  
84  -42  
84  -99  
-14  26  
0  0  
75  -37  
-32  28  
81  6  
84  -38  
-71  -19  
15  -87  
27  38  
0  0  
9  -12  
74  -67  
68  -93  
0  0  
0  0  
-61  -43  
47  -89  
93  -52  
98  92  
13  -4  
0  0  
-93  -46  
11  -88  
54  -52  
23  10  
83  27  
-68  17  
31  5  
-67  34  
25  29  
-73  92  
0  0  
0  0  
3  -10  
25  60  
80  -72  
35  89  
-50  -45  
-28  -39  
0  0  
97  16  
11  23  
39  -30  
30  79  
0  0  
0  0  
2  -84  
0  0  
0  0  
-56  85  
-32  63  
0  0  
42  -94  
60  -61  
21  -77  
-15  50  
17  15  
-30  -10  
-30  64  
0  0  
2  86  
25  72  
-17  51  
0  0  
78  25  
89  31  
11  77  
0  0  
0  0  
0  0  
0  0  
-10  -29  
0  0  
-50  -6  
-67  -41  
51  53  
0  0  
37  20  
37  -85  
0  0  
0  0  
-32  -34  
-95  62  
0  0  
83  -9  
30  -83  
90  45  
0  0  
0  0  
-98  85  
17  -12  
-3  -55  
70  -4  
20  51  
65  -97  
1  -23  
-50  -23  
-43  -76  
31  -99  
-11  -4  
59  14  
10  -57  
0  0  
-58  48  
-98  50  
0  100  
73  89  
0  0  
95  76  
62  -69  
-93  89  
0  0  
47  -36  
0  0  
-46  30  
75  24  
91  8  
-52  -72  
0  0  
0  0  
-14  15  
-71  40  
94  -10  
-43  46  
0  0  
56  -67  
-70  -53  
0  0  
-59  79  
82  0  
14  -39  
0  0  
-44  66  
0  0  
94  -30  
-34  36  
69  -41  
-79  -97  
39  23  
10  -33  
76  -22  
-46  23  
62  -56  
34  -69  
-29  64  
-90  -20  
0  0  
0  0  
32  95  
0  0  
67  -95  
-65  -18  
34  -7  
-53  8  
-34  -27  
27  -79  
0  0  
0  0  
0  0  
-46  41  
0  0  
0  0  
-71  -63  
95  -11  
66  58  
-74  16  
76  1  
95  29  
-74  -66  
75  -80  
32  -90  
57  30  
-56  62  
-99  95  
-66  -38  
0  0  
-91  -11  
0  0  
60  -93  
-58  -71  
-52  -40  
32  -70  
6  9  
-5  -50  
-43  52  
-76  -22  
80  2  
20  60  
78  9  
97  20  
32  20  
1  -17  
67  4  
40  -45  
62  82  
0  0  
48  14  
-75  57  
51  -73  
12  -9  
0  0  
30  -55  
-14  44  
6  25  
48  29  
47  53  
0  0  
8  70  
9  -94  
0  0  
10  -83  
47  35  
41  -90  
-93  100  
-76  -52  
-82  -27  
0  0  
24  50  
-84  84  
51  12  
0  0  
92  -28  
44  -72  
19  -60  
35  5  
-41  -59  
75  77  
-23  37  
0  0  
28  56  
91  -66  
51  84  
48  -45  
48  -74  
-83  -86  
0  0  
-30  -46  
0  0  
52  34  
0  0  
18  27  
-57  -99  
0  0  
51  -22  
-50  57  
79  -15  
15  53  
4  -4  
-34  65  
21  -79  
29  68  
56  10  
0  0  
-99  1  
34  52  
-65  78  
74  50  
-54  -17  
0  0  
-42  -27  
25  -87  
66  -66  
87  -28  
36  -24  
0  0  
50  44  
0  0  
-32  16  
46  90  
93  61  
83  84  
45  -87  
-64  99  
0  0  
-14  81  
0  70  
-40  46  
72  -39  
96  -67  
95  -20  
16  59  
0  0  
66  -82  
74  40  
-8  61  
-34  58  
-26  -38  
-54  -23  
-41  87  
-50  36  
-43  44  
-72  -88  
0  0  
-37  -91  
28  -14  
-92  -83  
0  0  
59  -37  
0  0  
56  4  
20  -90  
74  5  
-85  -58  
0  0  
0  0  
35  28  
-42  18  
-42  -88  
-40  32  
35  -86  
19  -74  
-1  -47  
0  0  
-90  32  
-34  -80  
92  72  
62  -62  
6  -69  
-84  36  
-10  65  
-29  23  
71  49  
-84  32  
-6  -74  
44  51  
-92  -77  
0  0  
0  0  
-70  -33  
95  -9  
73  -90  
88  69  
0  0  
-27  6  
-92  93  
0  0  
0  0  
31  13  
-40  -16  
97  -98  
-15  -90  
-62  -50  
0  0  
0  0  
86  -2  
57  -15  
72  94  
91  -45  
68  -86  
-77  79  
0  0  
-39  -2  
0  0  
0  0  
-13  94  
-52  51  
57  -9  
30  -36  
-52  -13  
59  -33  
37  70  
-52  24  
87  -84  
85  -98  
99  22  
-70  2  
0  0  
34  95  
4  -95  
-43  -55  
11  -44  
31  76  
30  -63  
-7  53  
60  93  
-13  72  
-95  66  
0  0  
24  16  
-100  21  
0  0  
37  -100  
34  8  
0  0  
99  -36  
84  -8  
96  59  
0  0  
-1  -7  
-19  -62  
-48  80  
-56  76  
0  0  
-46  -50  
76  -74  
43  -56  
37  91  
93  91  
0  0  
-3  -48  
71  -89  
74  -36  
18  29  
0  0  
-48  73  
3  46  
-19  -33  
0  0  
12  13  
-52  -24  
65  -14  
0  0  
14  87  
3  -89  
4  25  
-62  52  
-34  -52  
38  24  
-37  27  
28  38  
0  0  
-8  -94  
30  30  
78  39  
9  7  
45  -35  
-55  -42  
37  -32  
-51  34  
-53  60  
44  -64  
-70  73  
9  75  
0  0  
71  -92  
-65  74  
-10  -3  
-41  65  
0  0  
63  -63  
16  84  
-19  71  
31  41  
-96  78  
-78  63  
93  44  
-20  89  
82  96  
-25  96  
-20  -57  
0  0  
90  -16  
96  -81  
-38  77  
0  0  
13  22  
-40  -2  
0  0  
34  -86  
14  56  
-31  15  
-16  -72  
0  0  
-12  -45  
7  -38  
46  4  
3  1  
-74  51  
-11  -21  
-64  -80  
69  -63  
-69  90  
-26  31  
0  0  
-21  26  
0  0  
14  20  
42  -61  
-69  60  
0  0  
-36  23  
-88  -84  
0  0  
78  -37  
30  -32  
0  0  
-37  59  
-8  -36  
-81  -28  
9  73  
0  0  
86  -92  
-84  10  
0  0  
3  21  
40  57  
15  -61  
50  -8  
-62  86  
22  -39  
0  0  
35  80  
0  0  
0  0  
16  37  
0  0  
29  68  
20  38  
-9  -16  
0  0  
-92  45  
89  -25  
2  36  
6  59  
-52  24  
0  -32  
0  0  
-29  71  
-97  16  
-62  82  
99  44  
0  0  
2  97  
48  -72  
-59  81  
-59  7  
0  0  
0  0  
-79  59  
-94  72  
50  97  
95  -82  
60  -23  
-36  -15  
31  -1  
-21  -50  
-77  -75  
47  5  
58  9  
72  -24  
0  0  
0  0  
-54  -34  
0  0  
-58  54  
0  0  
-8  -14  
70  -98  
-57  80  
87  -22  
71  37  
-31  -8  
47  -1  
10  69  
-45  8  
75  -9  
-11  -11  
91  -95  
-41  -82  
72  21  
-84  21  
0  0  
65  -61  
0  0  
23  71  
-46  45  
0  0  
28  55  
-1  97  
0  -87  
0  0  
0  0  
-84  -67  
67  -85  
97  -100  
-53  49  
-12  -15  
54  -48  
-43  21  
-12  -56  
0  0  
-91  97  
87  -59  
76  -28  
-14  50  
-84  45  
0  0  
-69  84  
55  -65  
-67  26  
-34  -99  
71  89  
-64  48  
-27  -47  
0  0  
0  0  
-75  3  
-8  95  
-44  -68  
33  -21  
15  42  
25  34  
93  99  
35  -99  
-35  -47  
-11  -14  
-55  -1  
-72  49  
37  -45  
28  -29  
90  -13  
0  0  
-97  86  
72  25  
100  -86  
-33  74  
-44  -58  
-28  44  
21  -32  
14  -66  
82  -68  
-16  70  
61  -32  
-35  -38  
-67  24  
-45  59  
-9  85  
-19  84  
34  2  
-81  10  
-48  92  
-5  49  
57  94  
-65  62  
-87  76  
51  -78  
-71  77  
51  17  
32  85  
-70  -44  
0  0  
50  -91  
90  81  
98  32  
-68  73  
-71  32  
-87  45  
32  16  
61  20  
32  10  
0  0  
33  85  
-38  -11  
33  -84  
-44  -80  
-98  85  
79  -54  
16  33  
-41  71  
47  -87  
0  0  
90  -63  
0  0  
17  46  
-7  98  
-55  46  
-34  19  
89  18  
66  -96  
-15  55  
0  0  
-81  97  
92  43  
-17  57  
92  3  
20  -33  
-64  -80  
37  -19  
-58  24  
23  -28  
0  0  
-62  10  
72  -54  
45  86  
-45  -92  
-95  40  
0  0  
0  0  
-2  57  
62  83  
65  65  
-22  7  
56  -58  
0  0  
-38  -92  
-75  -54  
-93  2  
-20  5  
87  61  
15  -75  
6  -95  
-25  36  
-98  23  
-9  26  
-3  60  
34  31  
0  0  
0  0  
89  -55  
0  0  
99  -10  
78  -83  
51  -34  
0  0  
-41  -58  
0  0  
-99  26  
0  0  
-59  -81  
0  0  
-95  -52  
0  0  
0  0  
-36  -1  
0  0  
1  37  
-56  40  
-3  -84  
74  30  
57  -67  
-41  90  
0  0  
-67  -16  
2  -33  
-93  -58  
0  0  
3  -85  
16  47  
64  -51  
-51  -22  
59  -68  
-17  -64  
-95  -71  
-86  84  
-48  16  
68  11  
-83  20  
0  0  
83  80  
50  4  
-89  25  
36  25  
92  19  
0  0  
-33  98  
-54  -13  
9  71  
13  -12  
0  0  
49  18  
-10  10  
-98  55  
0  0  
-39  -98  
18  75  
0  0  
98  53  
27  88  
0  0  
-96  -49  
-34  87  
75  -52  
-4  24  
-26  30  
98  2  
69  -71  
27  -22  
35  74  
-35  67  
0  0  
-36  49  
79  -96  
0  0  
-88  -73  
-8  33  
-82  -45  
-32  -82  
-3  -80  
-62  33  
-81  58  
91  -99  
0  0  
71  -78  
57  -65  
31  87  
-29  -87  
48  30  
57  -78  
-42  -11  
-30  -75  
45  -31  
-16  34  
-10  5  
23  46  
0  0  
19  -52  
0  53  
-8  50  
34  98  
3  -35  
61  -36  
96  -54  
0  0  
31  -44  
-34  4  
0  0  
0  0  
-62  -78  
0  0  
7  -52  
0  0  
27  87  
-60  -85  
32  -2  
-76  38  
59  -88  
48  68  
0  0  
38  -63  
-81  73  
79  87  
-69  -15  
-56  0  
-4  70  
70  64  
84  -19  
-65  81  
54  -93  
-14  49  
100  -81  
-85  -28  
69  97  
10  -42  
-6  62  
30  -25  
-96  32  
50  -13  
-66  36  
-23  -36  
-54  89  
-54  19  
-81  -85  
53  88  
-59  -51  
35  71  
-60  3  
0  0  
70  38  
0  0  
-70  74  
69  -78  
17  8  
0  0  
59  -42  
-67  63  
0  0  
57  -96  
52  -67  
0  0  
-94  98  
-63  82  
36  -31  
-29  -68  
80  58  
-68  -35  
30  60  
-88  -69  
-11  93  
-77  26  
-38  94  
-78  27  
91  14  
82  -62  
30  -82  
-44  66  
-48  16  
72  58  
88  14  
93  -100  
61  -79  
0  0  
-69  6  
0  0  
0  0  
-83  60  
64  57  
0  0  
-64  -67  
65  -85  
-95  3  
-39  60  
93  53  
0  0  
-53  65  
0  0  
0  0  
21  -84  
-44  1  
44  38  
54  -48  
-55  -68  
32  -96  
-76  51  
-7  -56  
99  -36  
-52  -57  
-87  -53  
-16  -58  
35  93  
0  0  
20  -31  
0  0  
0  0  
87  -48  
89  60  
47  55  
0  0  
-46  95  
-97  78  
0  0  
0  0  
-21  -87  
50  -67  
88  -85  
-24  27  
-74  75  
73  -23  
-43  59  
-28  49  
86  -46  
34  -10  
0  0  
-29  -4  
25  62  
37  -9  
0  0  
-90  15  
-65  88  
-5  79  
-97  81  
56  21  
95  43  
0  0  
0  0  
55  -59  
-97  -93  
-60  -6  
-6  45  
0  0  
96  -93  
70  12  
-14  79  
33  -6  
-4  -29  
-83  -5  
-85  75  
0  0  
0  0  
84  -21  
0  0  
-37  0  
0  0  
0  0  
0  0  
0  0  
0  0  
-33  -94  
-17  -39  
38  -93  
26  -29  
20  -26  
-28  15  
45  -39  
-28  -88  
0  0  
90  -89  
-24  -29  
26  69  
73  -77  
-24  96  
0  0  
0  0  
25  77  
46  -69  
0  0  
-9  58  
67  11  
0  0  
-12  81  
-31  1  
-44  -7  
61  75  
-25  -25  
89  -74  
43  35  
-96  -1  
-75  -72  
0  0  
-74  22  
-86  -86  
-100  -32  
-17  -9  
0  0  
-15  -50  
0  0  
80  75  
-29  18  
-96  69  
23  -65  
29  48  
53  -24  
0  0  
36  -3  
-68  -24  
83  48  
-53  -37  
-13  21  
-67  -82  
-93  -45  
65  -32  
80  -88  
-29  37  
4  50  
-12  34  
0  0  
-68  85  
-93  70  
55  -64  
-17  -3  
0  0  
24  93  
-59  -6  
3  91  
-51  -46  
31  -96  
50  -16  
-31  10  
-12  -67  
-83  99  
-95  1  
0  0  
40  81  
7  19  
-59  32  
-64  48  
13  -28  
11  -58  
0  0  
46  -49  
0  0  
-10  68  
0  0  
0  0  
0  0  
0  0  
0  0  
44  97  
80  -36  
-70  20  
0  0  
0  0  
-5  81  
18  -99  
0  0  
80  -1  
35  99  
-54  96  
-43  -26  
49  -77  
-92  12  
3  -10  
0  0  
28  83  
-6  42  
-86  13  
0  0  
-58  81  
0  0  
9  98  
-69  6  
100  -19  
-95  13  
-80  21  
0  0  
62  85  
-35  -89  
-2  -67  
64  3  
-58  95  
89  16  
8  -47  
0  0  
-84  53  
26  43  
-45  -67  
0  0  
-83  85  
88  6  
0  0  
2  72  
0  0  
11  -13  
0  0  
7  -28  
-54  16  
-70  -20  
-67  -23  
82  -36  
44  88  
37  -31  
79  49  
-78  67  
62  65  
-42  -68  
61  29  
0  0  
-14  57  
-53  95  
-6  -72  
96  -34  
-20  12  
41  -47  
-69  -91  
0  0  
24  -27  
58  -54  
49  57  
6  5  
7  -99  
0  0  
0  0  
-61  87  
-66  86  
0  0  
48  13  
68  43  
28  -22  
0  0  
-66  95  
0  0  
67  -22  
64  73  
-70  -90  
0  0  
72  -90  
-97  -17  
0  0  
0  0  
-42  28  
-84  -6  
-48  50  
10  -82  
11  -77  
-97  -38  
49  -59  
0  0  
14  87  
-58  -38  
0  0  
-95  -61  
-97  95  
-85  -57  
-18  -38  
64  -7  
-51  71  
-73  -21  
20  -86  
-35  59  
96  -91  
95  70  
17  28  
-12  7  
-90  58  
-49  -86  
41  97  
-87  99  
16  7  
34  -87  
30  -93  
87  -82  
1  -20  
9  -40  
0  0  
-12  -4  
70  -78  
-40  -62  
0  0  
-10  28  
-13  -36  
40  -25  
-55  19  
0  0  
-99  38  
-44  -75  
-47  -69  
0  0  
72  28  
75  -35  
83  -7  
-91  -7  
32  85  
-21  75  
35  85  
-64  -81  
-76  20  
0  0  
45  -58  
45  43  
-21  31  
47  50  
-39  39  
30  15  
-61  59  
-83  -20  
0  0  
0  0  
-40  94  
-8  -78  
-73  6  
81  -86  
35  4  
35  79  
0  0  
0  0  
70  54  
-38  -66  
0  0  
0  0  
57  -46  
0  0  
93  -55  
65  -55  
0  0  
71  -53  
0  0  
-17  96  
65  82  
-62  -96  
19  -76  
-59  11  
46  -78  
76  -63  
0  0  
98  -93  
0  0  
-30  -63  
-35  -71  
41  -91  
94  80  
0  0  
-80  -19  
65  84  
78  -49  
4  80  
-80  -84  
7  5  
-73  -21  
2  -4  
0  0  
0  0  
32  -81  
0  -80  
-75  -43  
-61  -88  
0  0  
31  70  
48  21  
-28  -83  
0  0  
0  0  
27  48  
-45  -25  
41  48  
-50  -81  
-28  48  
0  0  
45  -18  
1  72  
65  50  
-90  59  
34  -15  
36  -61  
0  0  
3  23  
0  0  
25  34  
20  28  
98  -89  
-37  -17  
-2  69  
41  -97  
-59  -76  
-66  48  
0  0  
0  0  
79  -97  
49  -18  
-40  78  
-92  -18  
-12  -71  
36  -83  
42  28  
-63  33  
-21  -57  
0  0  
50  3  
0  0  
-46  8  
91  -99  
-16  63  
-99  63  
54  -56  
-79  16  
0  0  
-45  94  
-18  -56  
40  2  
-52  13  
-91  -1  
40  -6  
0  0  
0  0  
-96  -25  
-40  50  
45  60  
0  0  
-55  35  
-62  -8  
-16  -79  
31  -7  
-5  81  
64  -12  
22  -71  
54  31  
-66  77  
-84  79  
65  -91  
-23  -94  
41  -10  
1  76  
-51  44  
-48  -87  
-37  -22  
60  26  
23  -82  
0  61  
42  47  
91  -85  
84  42  
0  0  
29  -78  
0  0  
-24  19  
21  70  
-92  -53  
-68  -44  
59  -21  
0  0  
-12  -42  
38  16  
66  28  
36  52  
0  0  
26  91  
0  0  
-68  -10  
28  58  
20  48  
-61  -8  
-74  1  
6  -9  
0  0  
-64  86  
73  -85  
0  0  
-12  -25  
-66  51  
-84  -92  
-60  47  
92  -97  
-19  30  
-42  -23  
-55  -19  
0  0  
8  10  
25  -100  
-9  20  
0  0  
60  26  
-99  49  
-22  88  
0  0  
23  2  
0  0  
89  -38  
0  0  
97  -97  
50  4  
-2  17  
-22  30  
0  0  
-3  68  
0  0  
77  56  
0  0  
5  4  
0  0  
-53  82  
-40  -43  
47  -61  
18  23  
-83  0  
-41  51  
0  0  
-10  -96  
0  0  
0  0  
59  -55  
57  -30  
-96  -48  
0  0  
0  0  
83  -32  
-80  31  
-52  93  
-84  8  
-19  61  
0  0  
-37  -49  
71  -32  
11  -21  
-41  -89  
3  -35  
58  -99  
42  -77  
-36  85  
0  0  
22  -44  
66  -100  
-42  24  
11  -45  
-65  -40  
-47  63  
98  -84  
-72  -51  
22  -50  
92  -53  
87  -43  
50  -84  
0  0  
14  -16  
42  8  
78  64  
33  -58  
0  0  
-39  0  
83  -56  
0  0  
-65  37  
24  7  
-96  98  
-12  -74  
1  74  
-34  -18  
-26  45  
18  0  
-23  -21  
0  0  
-86  -1  
27  -51  
90  -15  
87  66  
-34  0  
-4  -18  
-87  89  
54  -56  
62  37  
0  0  
0  0  
-35  41  
0  0  
63  27  
0  0  
-54  -19  
7  12  
-14  67  
-78  77  
-50  39  
-92  -13  
-24  59  
0  0  
0  0  
46  -94  
65  -58  
-11  -46  
20  -54  
95  -99  
98  -34  
0  0  
0  0  
-60  64  
47  18  
-28  78  
-20  -52  
84  -80  
51  47  
0  0  
37  -92  
0  0  
81  -100  
-37  -15  
-62  37  
-59  -52  
20  13  
0  0  
-39  20  
64  -43  
0  0  
82  -29  
0  0  
-65  89  
88  -36  
79  -81  
-73  -38  
27  -15  
-1  -76  
-28  10  
2  9  
9  53  
11  -87  
43  -3  
0  0  
-30  7  
-83  88  
35  37  
66  -91  
-21  -1  
-94  -98  
0  0  
0  0  
0  0  
75  13  
89  69  
-38  23  
51  32  
0  0  
86  -81  
-9  -68  
-35  49  
0  0  
37  -93  
-28  61  
-47  -63  
50  -99  
36  3  
80  -77  
-60  -25  
-34  54  
-53  -11  
0  0  
-40  -8  
82  -6  
-59  -49  
-76  22  
-64  96  
95  -51  
27  -25  
-19  79  
0  0  
-60  29  
7  -5  
33  75  
-91  49  
0  0  
27  -87  
0  0  
82  87  
0  0  
0  0  
-95  99  
-18  -48  
24  -56  
-66  11  
0  0  
-40  39  
0  0  
87  80  
53  91  
-78  -93  
-78  -96  
38  2  
82  10  
34  33  
65  -84  
43  -14  
-55  -34  
-15  16  
10  -65  
56  -60  
0  0  
19  -35  
22  25  
-90  14  
94  -20  
56  -73  
-93  -30  
0  0  
75  -40  
0  0  
71  28  
-22  -70  
0  0  
56  37  
50  45  
-16  81  
0  0  
-81  24  
-1  13  
41  16  
36  41  
-27  -9  
25  83  
-45  65  
47  -55  
22  -73  
0  0  
0  0  
0  0  
23  -43  
-17  64  
-73  70  
13  45  
84  -67  
-94  26  
0  0  
3  -68  
-66  91  
-50  11  
-48  17  
0  0  
-72  24  
6  -97  
-14  17  
0  0  
-81  -91  
11  77  
11  88  
84  -57  
-85  -48  
97  -38  
45  46  
-94  67  
-70  13  
-69  -32  
-63  -38  
0  0  
-35  -53  
-50  11  
9  -69  
-83  54  
-10  49  
72  -94  
-74  53  
-66  58  
-48  26  
95  42  
0  0  
-61  -13  
38  43  
0  0  
0  0  
0  0  
-26  -5  
69  -55  
0  0  
-91  -65  
59  44  
74  33  
50  -52  
0  0  
58  -23  
4  -47  
33  -83  
-82  -86  
86  -64  
-34  -94  
-47  -93  
-74  19  
0  0  
59  -60  
42  -93  
78  -31  
57  -79  
0  0  
59  -3  
66  -13  
-54  -25  
-30  20  
-15  16  
-2  47  
63  -33  
-10  49  
68  -40  
-42  32  
1  24  
10  0  
24  -71  
10  -34  
-33  -66  
0  0  
-41  -94  
-55  57  
-60  0  
0  0  
72  76  
-29  82  
0  0  
44  -93  
-84  14  
26  -6  
0  0  
-97  -71  
0  0  
-57  40  
-57  -94  
-91  -47  
70  -55  
63  -73  
-83  79  
-57  -55  
-89  -78  
-100  80  
-89  35  
8  10  
0  0  
48  -77  
-74  -69  
-33  -10  
-38  59  
81  19  
92  -97  
42  -59  
0  0  
39  26  
-83  24  
89  63  
7  19  
-98  35  
-20  -14  
65  48  
-24  -33  
0  0  
83  -57  
-51  2  
-21  -28  
0  0  
-76  39  
87  -96  
47  -50  
0  0  
0  0  
57  -39  
-44  95  
-70  16  
0  0  
0  0  
70  -69  
3  -21  
0  0  
6  -42  
-33  -51  
-85  92  
14  -22  
68  -95  
83  91  
-13  62  
41  25  
-89  -40  
84  -86  
0  0  
-72  97  
0  0  
-77  85  
-8  -68  
-96  -60  
-32  66  
-59  46  
0  0  
-3  -84  
-68  8  
51  -44  
48  -28  
76  -76  
53  96  
-89  15  
33  -20  
0  0  
63  39  
55  -69  
-21  -23  
75  -47  
11  37  
0  0  
35  33  
86  3  
18  41  
-69  9  
41  -79  
0  0  
-45  65  
0  0  
0  0  
-28  75  
-68  38  
25  23  
-52  -18  
-75  84  
-60  -83  
-94  48  
18  55  
-97  -89  
-5  80  
5  28  
88  -88  
0  0  
32  100  
0  0  
-57  -12  
35  -64  
31  40  
49  -17  
-67  -7  
-94  -53  
15  -29  
-59  24  
17  1  
27  83  
0  0  
95  -20  
85  7  
35  -11  
0  0  
35  -74  
-20  -84  
-76  -32  
-12  -9  
-85  -57  
0  0  
-36  -21  
14  40  
0  0  
0  0  
47  1  
100  -77  
81  96  
-57  -95  
-29  -18  
-86  -4  
-90  20  
-92  95  
-94  -47  
0  0  
40  45  
0  0  
-46  -15  
-17  81  
-49  67  
25  -20  
1  -34  
77  69  
95  -7  
-15  -76  
40  -82  
0  0  
84  57  
-32  -33  
-48  -44  
0  0  
97  75  
28  -38  
-45  78  
43  42  
-1  -32  
3  48  
15  -62  
-80  -32  
-89  55  
-43  -52  
-98  95  
0  0  
-90  -45  
69  47  
-64  56  
-80  54  
-92  -77  
41  -39  
-66  -76  
-88  84  
35  -87  
36  7  
-62  36  
0  0  
-90  -71  
45  96  
-2  83  
13  -74  
0  0  
-77  -3  
92  20  
-19  -82  
48  -3  
-73  75  
79  46  
-9  -61  
29  60  
58  11  
-83  85  
70  -20  
7  -90  
-9  -79  
0  0  
-77  92  
2  29  
0  0  
0  0  
-84  -83  
0  0  
-32  18  
-68  -13  
-42  55  
61  -62  
65  4  
-43  62  
72  22  
99  -93  
-13  -39  
-38  87  
24  -41  
0  0  
8  -20  
0  0  
-85  -82  
79  77  
-88  -67  
0  0  
-12  -57  
-76  -14  
57  88  
0  0  
0  0  
40  -60  
-45  -20  
11  40  
0  0  
41  -87  
60  13  
43  -56  
78  77  
0  0  
-38  -71  
10  -83  
38  58  
-67  97  
40  1  
-45  -74  
0  0  
40  77  
0  0  
0  0  
15  49  
0  0  
0  0  
71  -14  
0  0  
-17  59  
-33  -30  
64  67  
82  1  
13  -46  
-100  -43  
69  -9  
1  -59  
15  91  
17  -29  
37  -90  
75  -13  
0  0  
94  -57  
65  58  
0  25  
-9  -17  
83  -9  
-55  79  
0  0  
13  -19  
0  0  
-46  -55  
10  -4  
0  0  
47  -75  
-95  59  
-24  27  
0  0  
-3  -81  
84  33  
-23  -91  
-19  98  
15  -52  
0  0  
27  -44  
-63  24  
33  -97  
-26  -29  
58  -23  
3  -24  
28  -11  
17  43  
-8  16  
16  17  
0  0  
60  0  
-43  -2  
0  0  
95  -87  
-59  -58  
-53  -43  
80  60  
-41  23  
18  60  
0  0  
0  0  
99  14  
-44  -9  
-60  80  
41  -39  
-8  -77  
0  0  
-68  64  
0  0  
-75  -42  
0  0  
30  -91  
-30  -79  
-65  41  
-96  98  
17  31  
73  50  
97  -89  
0  0  
3  -39  
0  0  
30  32  
-22  65  
85  6  
89  -67  
60  9  
61  31  
58  -61  
21  99  
-31  -90  
-91  94  
-95  33  
0  0  
65  -65  
-99  -76  
32  81  
86  -76  
0  0  
-91  21  
95  -64  
41  -63  
42  -37  
-18  -96  
-48  27  
44  -94  
61  -86  
-27  52  
-24  -57  
-81  -44  
-1  19  
0  0  
72  5  
-48  87  
51  61  
-2  48  
99  23  
56  1  
-63  -59  
26  -56  
-36  70  
-82  -30  
-18  35  
62  42  
-65  83  
6  -8  
56  53  
-4  78  
-82  36  
-85  11  
-88  79  
-58  -3  
-88  -61  
-77  -49  
7  53  
-23  -8  
63  42  
0  0  
-11  61  
-79  88  
97  41  
0  0  
6  73  
83  -99  
91  -73  
-84  -55  
-97  71  
0  0  
7  -71  
54  -73  
-15  -43  
0  0  
-37  -26  
63  -27  
-7  7  
-23  -31  
0  0  
0  0  
25  48  
-98  -25  
77  82  
-34  -10  
-23  -40  
74  83  
-65  11  
-35  -38  
0  0  
-30  -17  
-15  -40  
-92  6  
-34  67  
70  -15  
39  49  
0  0  
-54  93  
87  -98  
0  0  
-43  59  
-18  6  
-50  53  
96  92  
100  71  
-61  86  
83  10  
0  0  
62  22  
23  28  
0  0  
29  -87  
-72  -46  
34  9  
86  -16  
70  80  
80  -76  
56  -70  
83  39  
6  -97  
0  0  
0  0  
63  0  
26  0  
-43  -85  
92  -21  
-14  -2  
0  0  
1  -41  
0  0  
38  -67  
24  -56  
71  -36  
-47  57  
-83  22  
-56  96  
-79  40  
0  0  
20  -14  
50  -10  
-30  -94  
0  0  
32  -11  
0  0  
-2  76  
18  96  
45  38  
83  -35  
-57  8  
-7  -67  
-7  -71  
0  0  
35  -64  
41  21  
-54  78  
41  56  
42  81  
-52  39  
-35  -37  
-3  46  
9  34  
0  0  
79  95  
-74  -5  
5  -91  
87  18  
42  93  
48  53  
0  0  
-71  12  
-71  -25  
22  -22  
53  87  
78  -76  
0  0  
-67  62  
0  0  
0  0  
0  0  
-95  44  
-22  40  
-23  93  
98  -57  
63  85  
-45  -20  
-10  -60  
90  50  
-67  94  
-55  37  
0  0  
0  0  
0  0  
0  0  
-38  82  
-21  -20  
24  -92  
89  2  
-1  67  
-36  30  
-84  -54  
8  35  
21  -78  
-60  28  
0  0  
-15  76  
-40  -75  
0  0  
0  0  
-86  21  
0  0  
0  0  
-17  98  
-57  -48  
0  0  
92  -2  
51  83  
0  0  
-53  37  
0  0  
-91  46  
0  0  
-79  -57  
-85  21  
-68  65  
87  43  
36  -94  
-92  59  
52  36  
0  -100  
-70  2  
0  0  
-64  -28  
76  12  
39  -63  
-87  87  
-96  98  
0  0  
66  -69  
53  1  
22  44  
24  -94  
0  0  
11  50  
70  -13  
1  -12  
67  57  
-85  37  
-9  -87  
-16  -95  
-13  -78  
44  80  
-49  -18  
0  0  
-40  -98  
0  0  
-83  18  
15  91  
58  66  
18  -9  
0  0  
0  0  
9  21  
-87  -47  
9  -62  
0  0  
-36  -98  
0  0  
-54  -4  
-5  54  
0  0  
-30  45  
0  0  
-95  -23  
-72  21  
-41  59  
58  -33  
-22  77  
-47  -29  
95  -80  
-79  23  
22  -54  
93  -2  
90  -98  
0  0  
12  12  
5  46  
-95  89  
6  -63  
8  -50  
79  -53  
-93  -53  
-85  -65  
31  59  
0  0  
0  0  
78  98  
22  -8  
0  0  
-95  4  
25  -54  
-4  -90  
32  34  
-31  54  
-1  46  
0  0  
80  -39  
-11  -16  
-5  12  
0  0  
-24  99  
91  78  
-91  49  
88  -1  
0  0  
-11  66  
66  -99  
0  0  
20  -34  
0  0  
0  0  
78  -36  
-93  19  
-39  83  
-6  90  
-73  -25  
0  -67  
-100  77  
-20  88  
48  -24  
-29  -51  
53  -9  
-46  61  
91  -17  
-79  96  
-17  48  
-24  -65  
-81  66  
0  0  
-61  43  
0  0  
-69  -46  
0  0  
-55  49  
0  -43  
-51  31  
-43  64  
-50  65  
0  0  
-27  -38  
-70  37  
36  -31  
-21  -39  
32  -16  
0  0  
68  -79  
34  -32  
26  -95  
-49  -54  
-51  -34  
2  58  
-33  -40  
-84  -39  
-68  -11  
23  -21  
0  0  
18  -23  
75  43  
-34  -100  
5  -83  
-55  34  
0  0  
-41  43  
-91  95  
-1  97  
0  0  
-86  93  
17  4  
-9  81  
-87  -54  
12  27  
0  0  
0  -97  
90  56  
-67  56  
-26  26  
19  51  
-68  -72  
86  -59  
-11  -24  
0  0  
0  0  
6  -79  
-22  -83  
83  -66  
44  -70  
-55  75  
-85  74  
77  -11  
76  -77  
84  -100  
-77  -34  
65  26  
-52  32  
94  -16  
-76  -4  
71  -94  
10  -30  
0  0  
-59  -47  
65  26  
0  0  
55  8  
54  54  
68  -100  
0  0  
0  0  
0  0  
0  0  
25  -21  
0  0  
0  0  
-83  39  
94  44  
34  6  
-36  11  
14  62  
0  0  
0  0  
67  -88  
46  -58  
-98  66  
-69  31  
-1  9  
-4  -44  
70  15  
0  0  
63  -41  
56  -4  
0  0  
83  55  
-82  22  
23  65  
-47  -7  
44  24  
64  83  
-11  -9  
5  29  
52  -50  
20  77  
0  0  
0  0  
-15  64  
66  85  
-8  69  
25  -20  
-27  -71  
0  0  
-62  1  
0  0  
-93  89  
-8  -10  
-45  52  
0  0  
-12  -98  
65  -50  
27  12  
44  -32  
15  -83  
0  0  
-61  -39  
0  0  
37  -39  
-10  -94  
88  29  
-99  -41  
16  -68  
0  0  
-83  0  
-37  -62  
83  59  
-91  -50  
-8  25  
-85  -97  
85  -14  
-93  75  
30  4  
62  63  
82  -81  
-60  7  
0  0  
69  20  
60  64  
-70  32  
0  0  
26  -84  
-1  49  
-8  -59  
0  0  
-92  -43  
-30  -43  
46  -47  
60  -12  
-34  8  
98  -83  
34  -71  
-80  84  
7  -98  
-67  88  
75  24  
0  0  
64  18  
-67  55  
-70  1  
16  -23  
52  62  
-4  -98  
81  17  
71  -13  
1  -91  
-61  73  
95  -98  
-53  -89  
-79  16  
54  61  
0  0  
43  -6  
-49  41  
-99  28  
-51  -78  
99  -2  
-45  -20  
100  9  
-35  -37  
-20  -25  
-16  97  
5  -79  
31  -78  
-10  -11  
0  0  
-36  58  
22  44  
-28  -43  
12  -17  
31  15  
0  0  
96  18  
-87  -48  
62  41  
-89  67  
0  0  
0  0  
0  0  
49  99  
0  0  
94  -29  
0  0  
-80  -10  
0  0  
0  0  
-98  98  
54  -38  
0  0  
10  51  
95  29  
93  -87  
-90  86  
31  48  
-60  -56  
-12  93  
0  0  
0  0  
57  -32  
15  0  
-11  -92  
0  0  
-81  -16  
0  0  
97  20  
11  35  
0  0  
-87  41  
-46  -78  
-59  -16  
0  0  
-67  10  
53  27  
-43  -62  
-56  -35  
38  -12  
0  0  
-71  52  
-54  -86  
-37  -56  
0  0  
-8  -43  
94  -72  
70  86  
0  72  
0  0  
0  0  
100  -38  
23  -65  
-19  -1  
-63  43  
-39  91  
100  -50  
6  76  
-82  -71  
64  -82  
82  36  
-42  52  
-54  -70  
-17  53  
-18  54  
-31  1  
17  1  
-64  -53  
-15  -12  
18  -94  
-24  -56  
63  -30  
-84  -37  
26  -6  
74  -12  
0  0  
-35  46  
-47  15  
93  -48  
96  -92  
32  -59  
-9  -93  
88  -88  
-4  32  
73  -12  
24  -7  
88  -69  
64  18  
-92  54  
25  54  
-64  48  
-98  -59  
20  95  
-25  52  
-38  43  
80  -87  
-38  66  
71  -5  
-23  -99  
-72  22  
19  33  
42  16  
-32  -57  
-10  100  
74  34  
-50  60  
-21  -64  
-38  -74  
-89  17  
0  0  
75  34  
77  -19  
-8  -22  
14  -84  
-75  86  
0  0  
4  5  
0  0  
-35  48  
-35  19  
-15  20  
-90  -1  
40  92  
-81  22  
-75  85  
-6  69  
59  73  
-25  -42  
-42  51  
-32  6  
-73  86  
23  -72  
0  0  
65  58  
-61  62  
-68  -79  
-63  61  
0  0  
-24  61  
0  0  
-37  -65  
0  0  
0  0  
34  -34  
42  -84  
-67  -35  
0  0  
86  -49  
0  0  
33  30  
-65  -96  
24  -66  
0  0  
-14  99  
-34  43  
-71  6  
-78  -84  
8  -9  
-10  64  
0  0  
-86  76  
-71  100  
-47  40  
67  -55  
0  0  
98  -97  
0  53  
31  59  
0  0  
-61  51  
-87  39  
-78  6  
-88  62  
0  0  
47  -5  
78  47  
78  -8  
0  0  
7  36  
0  0  
-50  22  
9  -27  
99  -84  
-61  93  
42  -84  
89  62  
0  0  
0  0  
-82  -6  
-66  48  
4  37  
-79  64  
-19  3  
-10  28  
28  -20  
-27  -31  
-57  74  
46  -15  
0  0  
21  -42  
-34  23  
59  24  
0  0  
5  -50  
0  0  
-60  -74  
64  -79  
-36  -75  
0  0  
0  0  
0  0  
0  0  
89  -36  
78  65  
-97  81  
86  25  
-35  74  
90  -90  
49  -55  
23  95  
0  0  
27  -79  
87  -93  
-69  94  
-13  -22  
-83  -79  
60  -44  
-1  99  
0  0  
-71  42  
-6  11  
0  0  
0  0  
46  9  
-39  43  
-28  38  
-76  56  
-38  80  
0  0  
-47  22  
-6  88  
0  0  
13  -5  
-7  -2  
-4  68  
0  0  
0  0  
-85  -70  
81  -1  
0  0  
8  -54  
-44  -71  
-11  57  
18  -1  
-40  58  
0  0  
0  0  
0  0  
0  0  
-48  -16  
0  0  
0  0  
33  -84  
0  0  
-65  -34  
0  0  
95  -19  
1  22  
-95  87  
40  65  
87  -83  
-69  47  
30  72  
52  -1  
11  33  
-79  77  
-41  -93  
0  0  
12  90  
75  63  
7  -80  
-51  98  
-4  32  
-38  88  
0  0  
9  100  
0  0  
-11  46  
-34  -73  
74  -6  
-77  70  
74  -69  
98  -16  
1  -46  
19  67  
-64  -69  
33  -4  
-18  32  
-21  85  
70  -57  
0  0  
0  0  
69  60  
78  -69  
-84  100  
0  0  
0  0  
33  0  
-28  61  
-40  55  
-9  70  
-82  84  
0  0  
0  0  
0  0  
0  0  
-65  68  
-2  -56  
26  70  
-27  77  
83  21  
0  0  
0  0  
56  -77  
0  0  
-67  -31  
87  36  
0  0  
21  86  
0  2  
0  0  
0  0  
95  -94  
-75  -13  
-95  43  
0  0  
65  -62  
-51  -48  
-48  49  
77  -1  
-58  53  
95  -57  
-86  29  
-33  -50  
66  -96  
90  -94  
68  -25  
0  0  
0  0  
-5  74  
18  82  
-53  82  
-1  58  
52  -100  
0  0  
-37  -55  
-62  53  
94  -50  
0  0  
98  -73  
26  8  
15  72  
-53  -27  
-6  8  
-67  8  
-59  -59  
-81  -58  
0  0  
-79  23  
-92  -33  
-83  35  
-20  26  
-52  27  
27  71  
43  -53  
0  0  
22  -3  
84  -73  
-64  90  
-97  17  
8  58  
52  -46  
-27  -14  
-9  -1  
94  98  
-5  44  
0  0  
54  -52  
84  -95  
57  4  
-100  -42  
0  0  
-78  70  
-81  -53  
41  54  
0  0  
0  0  
-73  -49  
-32  -85  
70  -73  
79  63  
89  -36  
-51  64  
36  85  
-31  -90  
24  43  
77  -80  
23  -89  
18  -98  
95  -63  
12  -58  
0  0  
-33  41  
-84  -17  
-79  47  
10  45  
4  21  
-15  -25  
-55  -36  
-81  -32  
-98  94  
-73  -86  
-95  100  
-61  -5  
-27  33  
0  0  
-60  57  
53  -38  
5  -73  
-78  65  
-4  69  
0  0  
73  -84  
-65  -1  
-20  -75  
1  16  
51  -47  
30  5  
0  0  
81  -26  
-71  53  
-10  9  
-13  13  
13  92  
0  0  
74  3  
54  33  
41  -98  
49  -15  
-57  34  
1  -57  
38  93  
52  35  
48  -38  
85  -83  
23  84  
55  -92  
41  -52  
0  0  
-90  -25  
85  -90  
50  51  
-30  -58  
73  -18  
0  0  
25  -26  
28  -91  
0  0  
52  -55  
88  -85  
-30  18  
50  -50  
-93  39  
90  3  
83  16  
67  -82  
42  -25  
0  0  
-36  -14  
-9  6  
0  0  
56  25  
-49  21  
19  9  
14  -39  
-93  76  
81  96  
0  0  
59  -38  
-34  79  
-26  -14  
-88  68  
37  51  
71  60  
70  -83  
-47  53  
-45  20  
-57  91  
61  -97  
-27  57  
0  0  
-42  70  
91  -14  
90  -72  
75  -77  
79  -70  
-53  75  
26  87  
0  0  
-83  -79  
98  11  
-69  75  
33  17  
0  0  
-83  69  
98  61  
90  -70  
78  83  
-22  8  
7  91  
12  -72  
87  53  
-91  10  
95  23  
28  -59  
50  62  
0  0  
-66  -35  
56  -4  
40  -30  
-61  26  
0  0  
4  -77  
23  71  
-61  -75  
-76  6  
-48  92  
0  0  
67  -72  
-69  -10  
-85  65  
44  -78  
0  0  
62  -30  
-22  71  
0  0  
-52  -5  
74  -5  
65  -99  
-86  87  
-88  90  
-43  29  
-52  75  
23  31  
15  15  
63  -75  
96  -87  
0  0  
-65  -81  
11  -71  
37  1  
0  0  
30  -19  
0  0  
-37  -62  
8  -83  
19  27  
95  60  
-83  24  
68  -46  
27  -34  
80  -68  
-73  27  
0  0  
0  0  
20  -15  
51  -20  
-95  -2  
-31  -13  
-65  65  
-86  50  
-30  -53  
84  22  
0  0  
65  -30  
18  -60  
43  33  
-80  68  
-73  7  
-32  54  
-10  17  
29  55  
-84  -86  
59  -86  
87  -12  
-91  12  
83  61  
-49  -51  
-57  61  
0  0  
79  -48  
0  0  
-76  19  
-95  98  
-31  -72  
0  0  
-23  -83  
0  0  
-78  71  
-35  -1  
55  -24  
39  25  
51  -64  
38  -75  
-56  -64  
20  41  
-28  28  
56  -30  
93  -77  
0  0  
70  -61  
54  82  
87  15  
-7  84  
58  -64  
87  29  
-29  -12  
0  -24  
-78  -2  
0  0  
-17  52  
-13  -66  
69  43  
46  -55  
0  0  
0  0  
-20  -65  
-53  -76  
100  -36  
-17  62  
0  0  
63  92  
64  -80  
0  0  
0  0  
0  0  
0  0  
0  0  
-15  -7  
19  8  
-41  46  
27  -67  
41  -62  
-58  100  
34  35  
0  0  
-24  15  
-4  48  
-99  97  
0  0  
0  0  
-33  -13  
-41  -3  
0  0  
0  0  
4  -11  
-27  2  
-86  -93  
-39  -73  
-51  13  
27  88  
0  0  
0  0  
75  22  
-37  35  
87  -15  
-37  -35  
97  84  
16  82  
-7  -52  
-87  90  
33  -98  
-45  59  
-16  -89  
-9  18  
-4  43  
0  0  
-64  -85  
-89  -26  
0  0  
-14  -16  
98  -74  
18  -44  
18  -55  
-54  -3  
0  0  
0  0  
19  -24  
0  0  
60  88  
-57  -83  
0  0  
41  -38  
-89  87  
-91  -89  
15  -94  
-48  82  
-48  55  
56  56  
0  0  
44  -48  
26  67  
86  -89  
-77  67  
-19  -76  
74  -71  
28  7  
-56  3  
0  0  
0  0  
5  -63  
-73  -46  
4  -95  
-47  25  
-85  -23  
7  38  
-53  73  
0  0  
0  0  
98  -71  
0  0  
0  0  
-32  89  
0  0  
-58  -55  
97  -49  
63  -77  
0  0  
0  0  
40  73  
0  0  
4  82  
0  0  
-18  -53  
0  0  
-72  97  
-59  75  
9  -29  
-33  53  
-21  6  
4  -16  
-63  99  
0  0  
45  68  
28  -7  
0  0  
0  0  
0  0  
-29  -79  
-91  78  
38  -76  
-84  -7  
28  -89  
20  63  
16  -41  
90  -39  
89  -59  
-59  -22  
48  -72  
-34  17  
71  58  
79  86  
30  -74  
55  -65  
30  -2  
0  0  
84  -86  
-98  95  
-58  -20  
26  14  
0  0  
-96  -13  
58  13  
63  82  
19  -57  
98  -49  
36  -57  
79  60  
-17  9  
98  -82  
0  0  
40  6  
-72  -42  
0  0  
-9  69  
17  28  
0  0  
0  0  
54  28  
-55  -48  
0  0  
39  41  
-31  8  
82  44  
69  2  
-14  18  
-74  23  
-97  62  
0  0  
0  0  
-11  37  
-8  60  
-10  44  
-12  5  
9  72  
21  65  
42  23  
0  0  
66  -93  
95  -33  
-66  20  
-91  -50  
-41  48  
-9  67  
0  0  
74  -56  
41  -55  
-87  50  
-32  0  
-71  68  
0  0  
-48  -85  
0  0  
0  0  
38  95  
-92  -22  
53  60  
-26  69  
0  0  
-98  8  
0  0  
66  -81  
-27  -69  
-23  -29  
-11  -96  
-36  -28  
78  85  
-81  27  
28  -9  
0  0  
92  -68  
47  -88  
0  0  
0  0  
33  -15  
-12  62  
15  -86  
60  -39  
-47  -84  
-43  -14  
-54  30  
0  0  
100  -21  
-25  68  
-61  -52  
91  39  
54  15  
83  -71  
16  -69  
-72  17  
0  0  
-26  87  
-23  78  
90  14  
43  38  
0  0  
-37  98  
-14  -59  
-8  -40  
0  0  
54  -57  
-69  -29  
-46  -49  
64  -93  
0  0  
0  0  
-35  4  
36  1  
51  -35  
39  -78  
-46  39  
-8  -35  
-22  16  
100  -30  
0  0  
80  -63  
-74  89  
-91  -21  
-17  8  
-61  -99  
-61  82  
71  -59  
0  0  
0  0  
-34  93  
-92  41  
0  0  
0  0  
80  8  
-99  62  
35  57  
67  -60  
-83  0  
-24  -41  
-86  64  
-14  31  
71  38  
-97  -72  
21  -7  
88  -68  
39  -23  
3  60  
14  -10  
-72  17  
-51  44  
0  0  
2  69  
21  -14  
-21  85  
73  15  
99  -50  
0  0  
66  -69  
26  -21  
0  0  
28  45  
46  -92  
-40  -32  
-12  19  
-69  84  
26  -97  
-27  31  
-33  91  
77  81  
-28  -23  
-39  -63  
-9  -51  
42  16  
-13  62  
71  -37  
80  -1  
90  -43  
-3  57  
30  -27  
0  0  
-89  40  
8  31  
7  35  
36  74  
97  29  
83  -31  
-17  39  
-77  21  
-52  72  
-48  93  
0  0  
64  -80  
-8  -90  
0  0  
0  0  
-70  66  
55  47  
95  -92  
86  52  
80  -31  
-11  1  
94  -64  
0  0  
0  0  
-11  32  
42  69  
87  -97  
0  0  
-81  27  
58  -96  
-45  -21  
85  -70  
-21  -61  
-74  -32  
91  -30  
-75  -10  
0  0  
28  -55  
0  0  
98  -46  
-88  -5  
0  0  
0  0  
0  0  
7  65  
95  -14  
11  -28  
-98  -45  
34  62  
8  38  
10  -30  
5  -57  
0  0  
0  0  
-88  18  
-9  30  
-27  -51  
-52  -36  
-59  -82  
0  0  
-13  85  
-61  -3  
71  23  
-38  71  
0  0  
-10  -50  
-1  35  
65  -64  
-7  -20  
-3  -73  
-40  -20  
97  -77  
-7  -10  
8  90  
-79  46  
-9  50  
-34  36  
-3  23  
83  59  
0  0  
68  82  
51  -66  
15  11  
0  0  
20  92  
83  -16  
49  4  
-87  24  
-7  -29  
83  -79  
-26  -92  
-79  -1  
0  0  
-18  27  
0  0  
85  28  
60  -94  
0  0  
28  90  
-24  39  
-1  10  
12  -67  
0  0  
77  -86  
-34  75  
-32  -24  
62  -63  
57  -75  
-33  32  
-22  -42  
-40  -65  
0  0  
12  -76  
-8  17  
67  -66  
30  -43  
4  77  
16  -56  
0  0  
-3  62  
-50  -50  
13  -31  
-26  -80  
88  -66  
-16  -44  
0  0  
-78  -15  
33  -28  
27  52  
55  13  
97  28  
-73  21  
-25  -9  
12  -49  
-71  -29  
48  -71  
0  0  
-83  16  
-60  -31  
93  75  
0  0  
-15  -1  
82  -27  
-12  54  
92  -33  
-41  21  
-63  -99  
-92  68  
74  -32  
15  -23  
71  12  
0  0  
83  -94  
-48  99  
48  43  
8  -95  
-40  69  
15  35  
42  27  
-56  20  
0  0  
0  0  
87  49  
92  -42  
52  98  
34  -79  
-97  31  
0  0  
31  -18  
-63  26  
45  -22  
-79  75  
0  0  
-44  -58  
0  0  
0  0  
-37  -79  
0  0  
-10  16  
-2  49  
86  -2  
52  -7  
41  59  
78  -33  
0  0  
0  0  
60  -27  
28  -69  
51  23  
-70  -64  
34  -54  
96  -55  
-41  -34  
0  0  
-20  14  
-28  69  
2  18  
-24  77  
87  -86  
-58  92  
21  39  
-89  -71  
23  0  
0  0  
25  -11  
0  0  
-25  78  
7  -35  
17  -34  
-77  22  
0  0  
-10  -80  
79  -61  
0  0  
-39  64  
-13  -74  
50  -37  
-91  35  
-56  5  
35  2  
-23  -80  
0  0  
0  0  
0  0  
0  0  
12  39  
0  0  
16  -65  
88  17  
-34  87  
51  -77  
49  -11  
96  -22  
31  -57  
0  0  
70  16  
30  2  
13  -11  
43  -80  
0  0  
-63  -2  
-52  -39  
48  86  
0  0  
-47  -23  
90  -88  
43  71  
-92  3  
-61  42  
-38  46  
-37  34  
-7  -18  
41  80  
69  -38  
2  9  
11  31  
-13  -14  
0  0  
-49  -14  
-68  -41  
0  0  
34  76  
57  -95  
98  73  
0  0  
28  86  
87  -22  
-16  96  
-42  60  
100  -99  
13  18  
37  -99  
-39  -28  
-39  46  
-2  -3  
92  -64  
-93  -45  
0  0  
-16  66  
7  -21  
-68  -6  
-17  17  
-33  -39  
44  25  
0  0  
-62  87  
65  91  
15  -86  
0  0  
79  28  
-62  79  
0  0  
0  0  
-63  -36  
44  -77  
-80  -33  
12  92  
-57  -70  
45  2  
83  -2  
0  0  
-66  30  
-61  27  
-99  84  
69  -55  
-96  42  
7  -61  
35  -14  
63  -60  
0  0  
87  56  
0  0  
0  0  
0  0  
-75  31  
-24  48  
0  0  
0  0  
0  0  
-75  26  
58  -52  
-9  -96  
0  0  
0  0  
-68  46  
40  70  
0  0  
68  -89  
0  0  
-80  80  
-44  51  
-52  17  
-69  -4  
31  94  
0  0  
63  -66  
0  0  
-39  43  
-74  18  
-86  54  
23  8  
28  40  
0  0  
-95  65  
68  -42  
-5  4  
0  90  
100  -52  
0  0  
0  0  
-13  17  
44  -82  
-47  10  
0  -87  
70  34  
-71  -47  
23  56  
-63  35  
-80  -73  
71  -12  
0  0  
34  63  
79  88  
99  -73  
-87  89  
-93  90  
0  0  
-22  -88  
33  -23  
-42  -75  
44  8  
38  30  
0  0  
0  0  
-92  24  
-66  -93  
-29  -38  
57  61  
54  80  
0  0  
0  0  
47  80  
70  35  
0  0  
0  0  
84  11  
-35  -77  
-62  40  
-1  33  
-79  77  
39  -39  
51  15  
-98  -91  
33  -63  
0  0  
0  0  
-58  -87  
78  -61  
66  41  
0  0  
94  48  
95  -62  
0  0  
8  67  
90  -87  
-4  -78  
0  0  
1  -90  
75  27  
-93  19  
-34  35  
-95  90  
-86  67  
88  -62  
0  0  
-6  -63  
95  39  
0  0  
-18  90  
63  97  
73  -9  
-17  84  
0  0  
0  0  
0  0  
8  63  
-57  93  
-22  -2  
72  -66  
99  -77  
-91  -31  
7  -88  
0  0  
72  68  
28  -49  
-31  -62  
-10  14  
45  89  
-84  11  
16  1  
66  51  
29  13  
-56  8  
86  26  
67  2  
0  0  
-91  92  
-52  30  
29  -59  
0  0  
94  61  
59  -80  
60  -66  
48  -41  
97  -39  
0  0  
-92  55  
-23  69  
39  -11  
53  -15  
67  5  
0  0  
-48  -11  
78  32  
0  0  
0  0  
55  -70  
-36  50  
81  27  
0  0  
-86  20  
-64  -64  
52  -53  
27  6  
90  -18  
-96  83  
-39  69  
-77  -19  
-82  73  
-53  71  
0  0  
60  -34  
96  9  
0  0  
-60  93  
0  0  
-74  -56  
0  0  
0  0  
0  0  
81  -46  
-32  -61  
0  0  
97  -90  
-16  -26  
34  78  
-53  -10  
71  -95  
-20  -22  
47  -70  
-24  -62  
36  -92  
38  24  
55  -27  
56  57  
-99  96  
54  -40  
83  -53  
0  0  
92  -83  
-73  -43  
-61  -71  
-49  15  
51  65  
0  0  
90  20  
0  0  
91  -43  
-59  -34  
-1  59  
-43  -44  
-7  20  
0  0  
-82  -31  
22  -21  
98  -92  
5  -50  
82  -80  
0  0  
86  -68  
82  -83  
93  51  
42  48  
73  67  
-81  -2  
-93  92  
50  84  
-51  0  
17  5  
70  7  
71  -83  
-33  64  
-16  -40  
0  0  
-3  40  
15  44  
0  0  
0  0  
82  -66  
-53  12  
-5  80  
-11  -79  
-87  24  
-42  13  
63  -55  
56  41  
-51  67  
76  -24  
-17  94  
0  0  
-7  -46  
75  -78  
0  0  
68  35  
-65  54  
94  -14  
-25  74  
88  -75  
31  33  
45  -82  
-62  -76  
14  26  
21  -17  
-51  -77  
88  82  
-77  36  
73  -3  
85  -35  
99  -97  
-99  -88  
-92  -15  
67  -56  
1  -95  
0  0  
67  -14  
5  -23  
0  0  
0  0  
32  -33  
-56  -2  
-98  -42  
23  8  
83  73  
8  16  
-29  40  
-89  3  
-71  42  
-74  22  
68  36  
0  0  
-99  52  
6  28  
-13  88  
61  -48  
7  8  
66  84  
78  60  
77  -13  
0  0  
-94  92  
-85  79  
0  0  
87  23  
1  25  
3  2  
-46  -21  
-87  62  
20  -20  
-25  -92  
22  -73  
-91  87  
-73  90  
63  -26  
75  -28  
-11  79  
0  0  
83  -5  
0  0  
45  89  
0  0  
-23  -16  
-76  70  
-44  70  
-74  -6  
0  0  
90  69  
-100  -53  
67  -92  
6  -65  
-36  58  
0  0  
-84  -20  
60  28  
69  80  
76  58  
-21  -27  
0  0  
17  34  
-94  62  
-81  -31  
73  -40  
0  0  
30  51  
9  -12  
0  0  
0  0  
-88  16  
0  0  
90  -97  
-85  -49  
0  0  
99  -61  
54  -51  
45  38  
-77  -16  
39  4  
0  0  
-19  0  
-23  77  
57  62  
-29  -15  
-2  -29  
17  -21  
0  0  
-90  -44  
-88  76  
0  0  
-46  94  
88  59  
-41  -21  
18  -35  
88  -8  
99  -51  
39  31  
-50  21  
0  0  
-39  -100  
94  -72  
53  50  
58  -97  
-63  82  
-41  -59  
0  0  
-94  21  
-27  -53  
81  -35  
57  -18  
0  0  
-67  -63  
-55  53  
-10  -16  
37  -27  
-38  -23  
-56  -77  
-79  -20  
-21  80  
44  -74  
-78  33  
83  16  
46  -4  
38  -38  
-47  -7  
-93  78  
100  -74  
0  0  
61  13  
0  0  
54  -84  
-94  -68  
0  0  
19  -15  
-37  92  
-15  -80  
-58  -62  
-77  25  
27  18  
-97  100  
-60  53  
-91  55  
24  -86  
0  0  
73  -67  
-33  -29  
-84  -70  
60  46  
-62  91  
66  -34  
-62  31  
21  -29  
-76  37  
62  68  
0  0  
40  -44  
-41  -59  
-91  -12  
80  -70  
0  0  
-96  91  
0  0  
-71  22  
34  -23  
-19  -84  
53  21  
18  -37  
0  0  
99  -78  
0  0  
-19  83  
-96  67  
-61  -54  
-79  41  
22  -91  
99  65  
-60  44  
-44  -44  
-85  -13  
-41  40  
0  0  
79  8  
-97  57  
85  -16  
-94  -46  
-60  62  
0  0  
0  0  
-33  -14  
13  -88  
7  -68  
-52  69  
1  30  
12  -33  
0  0  
5  -71  
3  -73  
-32  -97  
-57  -76  
-12  43  
42  -81  
2  42  
-15  37  
-38  15  
0  0  
98  -1  
0  0  
-40  -62  
96  -33  
72  -49  
-95  -66  
-61  77  
-58  36  
68  -7  
59  -71  
70  -89  
7  -30  
82  -55  
9  -32  
-2  -23  
-7  27  
-97  41  
21  -81  
0  0  
24  37  
23  84  
59  99  
90  -68  
-38  58  
-51  -25  
-93  -19  
34  39  
0  0  
-97  69  
76  -74  
7  -92  
26  -47  
0  0  
9  -78  
0  0  
75  -61  
0  0  
-76  27  
-86  59  
-33  15  
41  48  
-75  66  
66  75  
64  42  
-23  -20  
0  0  
-30  -21  
89  -27  
0  0  
70  -41  
82  78  
26  16  
-39  24  
-26  94  
0  0  
72  -69  
-32  -79  
-29  50  
6  53  
32  72  
0  0  
42  67  
-89  26  
34  36  
-9  19  
-28  81  
0  0  
-37  -44  
37  -45  
29  29  
-82  86  
68  64  
0  0  
13  70  
26  -6  
-85  -16  
-62  -75  
89  60  
44  -2  
88  -7  
-68  -82  
74  16  
80  -35  
-90  15  
76  -1  
-18  100  
-13  10  
86  -99  
-53  -34  
0  0  
91  -61  
0  0  
0  0  
4  -89  
-83  40  
0  0  
-9  9  
61  -73  
0  0  
48  -89  
-88  41  
87  -35  
44  29  
-3  94  
38  -97  
0  0  
-15  85  
0  0  
44  28  
0  0  
0  0  
-99  90  
-22  -6  
-35  7  
-8  34  
-87  -33  
99  -76  
-73  -91  
0  0  
-78  -34  
87  84  
-33  83  
-46  -34  
-14  -56  
0  0  
75  92  
94  -91  
-7  29  
0  0  
0  0  
11  -93  
-43  83  
-8  -14  
81  -26  
44  -3  
-84  12  
-3  -95  
-63  -67  
30  -44  
22  -15  
0  0  
37  25  
-27  60  
-13  66  
-40  100  
40  -59  
47  65  
-32  16  
-63  33  
0  0  
8  -23  
29  -28  
-2  -71  
-7  82  
93  -68  
0  0  
-99  91  
0  0  
-85  -22  
4  67  
-23  99  
-85  93  
-47  -7  
-9  -65  
69  -2  
-27  -28  
38  37  
74  -26  
26  -70  
91  57  
-49  -71  
-1  45  
-16  24  
-56  75  
69  -38  
61  98  
0  0  
79  -38  
61  -95  
52  73  
-57  -3  
37  52  
0  0  
-99  100  
0  0  
13  -29  
-18  -39  
0  0  
-79  6  
-70  -69  
86  -49  
0  0  
76  24  
-77  55  
0  0  
-29  6  
0  0  
29  35  
77  40  
-71  61  
11  83  
-79  46  
6  88  
0  0  
-3  19  
0  0  
0  0  
-58  43  
55  11  
42  56  
30  -94  
-26  98  
-33  10  
38  57  
-69  -60  
-41  87  
17  9  
-91  51  
53  -100  
-18  57  
2  -92  
0  0  
63  -16  
-40  -64  
0  0  
-46  67  
-4  6  
0  0  
-22  75  
-35  -52  
0  0  
-52  7  
-63  -82  
0  0  
0  0  
-11  17  
-35  36  
-21  84  
67  21  
0  0  
77  41  
-61  -80  
-22  -73  
0  0  
-62  -7  
72  -82  
91  92  
90  59  
73  -81  
6  66  
7  58  
-58  -8  
-65  84  
0  0  
25  92  
0  0  
-70  19  
0  0  
-27  54  
68  -76  
-77  100  
0  0  
95  -100  
-45  56  
15  46  
62  -74  
98  83  
-14  -18  
0  0  
-62  94  
8  14  
-41  67  
31  -5  
-49  -64  
0  0  
-90  45  
26  -98  
-82  -53  
-10  60  
-5  -58  
93  17  
14  -28  
-49  -6  
-93  91  
43  -48  
37  -95  
40  -34  
-38  -76  
0  0  
33  -48  
-16  -64  
-75  -17  
98  -79  
0  0  
98  -80  
44  76  
86  32  
52  50  
-34  28  
0  0  
-71  -37  
50  98  
69  -100  
-73  36  
0  0  
22  -68  
60  -45  
11  -20  
52  11  
95  -18  
-74  -77  
-57  5  
0  0  
62  25  
66  28  
38  -36  
-94  96  
-41  27  
25  10  
0  0  
0  0  
-5  50  
75  -90  
55  -80  
19  23  
0  -60  
47  -25  
0  0  
39  -90  
92  71  
0  0  
-72  98  
9  -72  
33  -26  
-13  -78  
-31  47  
-14  -26  
0  0  
-23  -45  
59  -99  
45  43  
0  0  
41  53  
-83  21  
-61  23  
41  72  
-86  97  
0  0  
-61  49  
0  0  
0  0  
-91  -61  
-96  73  
0  0  
97  -68  
19  -81  
0  0  
-21  78  
-89  89  
0  0  
43  -75  
23  75  
-61  36  
0  0  
88  -93  
0  0  
0  0  
-81  -82  
0  0  
-5  15  
-16  -39  
-30  -23  
0  0  
-3  -88  
43  59  
-4  -27  
24  -45  
0  0  
0  0  
5  10  
-5  60  
-100  -58  
-67  69  
2  -92  
-41  -77  
58  -45  
-55  -83  
-31  7  
61  88  
51  4  
0  0  
-61  -37  
52  58  
-82  20  
-38  -67  
69  -31  
31  -37  
95  -28  
-29  -85  
-56  24  
-24  -6  
-75  75  
66  77  
0  0  
-94  -60  
0  0  
72  -37  
0  0  
-63  48  
34  41  
-17  87  
0  0  
-66  91  
12  51  
-8  -15  
0  0  
-99  22  
-6  -73  
6  -15  
0  0  
0  0  
52  -99  
-85  39  
-5  9  
-76  30  
83  -95  
-88  67  
36  -32  
0  0  
13  59  
55  -73  
49  -11  
65  -55  
-2  88  
0  0  
0  0  
-56  1  
100  -85  
-4  71  
58  52  
0  0  
43  89  
-93  -91  
8  65  
-33  59  
58  -94  
-28  -60  
23  63  
-59  84  
-9  48  
0  0  
0  0  
-71  30  
10  15  
0  0  
93  -20  
-74  54  
-1  -30  
35  -95  
-93  87  
-60  49  
-19  -44  
0  0  
-61  -32  
0  0  
71  92  
60  43  
1  45  
79  35  
-9  -66  
-40  32  
51  29  
0  0  
-95  -70  
83  -51  
-2  29  
-31  98  
-33  -60  
16  -57  
-24  -59  
17  21  
60  35  
0  0  
-23  -62  
67  -99  
31  41  
-16  50  
65  63  
0  0  
-43  -47  
0  0  
-43  35  
67  27  
0  0  
-22  77  
-38  22  
52  95  
-9  36  
0  0  
-20  66  
-91  -11  
-94  93  
50  82  
96  -90  
22  -83  
-60  45  
50  -13  
-34  70  
58  -91  
81  64  
-63  -70  
0  0  
0  0  
6  -2  
28  -41  
-42  -41  
-55  26  
0  0  
-84  0  
0  0  
79  -45  
4  60  
-9  -7  
26  85  
-65  6  
91  24  
69  -25  
-40  65  
-52  18  
-24  -70  
-8  51  
-33  37  
-41  -49  
51  -13  
0  0  
50  -81  
-10  27  
93  -33  
63  -44  
10  29  
-64  -19  
19  89  
6  26  
54  -68  
54  -33  
40  56  
12  -28  
-96  85  
-91  36  
-85  49  
0  0  
93  -22  
-89  68  
-60  -95  
0  0  
63  -82  
66  46  
65  63  
-74  14  
-19  80  
99  -23  
-43  -65  
-3  99  
0  0  
0  0  
-48  -56  
0  0  
-22  -46  
-98  -78  
73  -10  
-93  -37  
0  0  
81  -78  
50  -57  
-17  48  
29  60  
-71  73  
55  -99  
-31  77  
68  -50  
-54  37  
80  67  
98  -52  
-12  11  
83  -65  
-14  -89  
0  0  
66  79  
24  -4  
-41  51  
-25  -30  
29  -78  
31  -5  
89  -56  
41  -32  
44  -95  
-84  -86  
76  1  
-72  -7  
-59  -14  
-94  42  
98  -83  
-73  -64  
-2  -66  
0  0  
6  74  
66  93  
29  81  
30  23  
81  -64  
-96  98  
97  -80  
-95  -95  
-57  -6  
0  0  
-23  7  
-36  84  
58  31  
0  0  
0  0  
38  -7  
-27  99  
-8  -99  
-96  41  
-14  -24  
-1  -90  
-78  -34  
-35  53  
-78  -16  
3  -39  
59  55  
60  10  
-2  -13  
75  85  
0  0  
82  19  
95  -34  
16  -90  
-98  74  
-66  12  
15  51  
77  -77  
-100  70  
-38  -34  
38  38  
11  79  
0  0  
1  -12  
35  -79  
-96  -76  
90  28  
-4  31  
0  0  
85  46  
19  87  
0  0  
-76  -24  
-37  73  
-2  -5  
-54  40  
-6  41  
-16  -42  
61  -96  
70  58  
-54  92  
-10  30  
67  56  
39  20  
51  -91  
-34  -24  
90  -89  
75  -76  
-36  26  
-53  64  
43  -77  
98  -33  
-96  69  
-31  13  
0  0  
42  11  
-13  85  
0  0  
0  0  
52  -42  
-38  -24  
37  9  
-42  14  
0  0  
0  0  
-15  52  
-22  99  
-3  -68  
-86  77  
74  61  
30  12  
26  54  
2  12  
30  -40  
0  0  
0  0  
-51  95  
0  0  
-2  -90  
0  0  
0  0  
72  69  
24  -67  
-17  -6  
15  -91  
0  0  
-24  -96  
0  0  
-52  -83  
-34  23  
0  0  
0  0  
97  -58  
-40  93  
-78  -26  
81  67  
-30  -25  
0  0  
33  -51  
0  0  
-99  91  
40  80  
0  0  
-60  -60  
-75  96  
25  -66  
-37  -54  
0  0  
0  41  
-28  -46  
-29  78  
48  -56  
-38  46  
46  -70  
0  0  
0  0  
59  39  
71  -51  
0  -76  
0  0  
94  -4  
57  -47  
83  -69  
-45  97  
-17  -53  
-84  -12  
77  51  
-87  89  
56  -20  
-84  -39  
-82  56  
-18  -98  
-27  -3  
-95  95  
-6  97  
40  98  
-33  86  
0  0  
20  14  
-5  8  
-25  -7  
80  58  
-50  -96  
-37  37  
0  0  
-49  -89  
-97  96  
86  31  
50  73  
0  0  
0  0  
-48  -93  
0  0  
40  9  
95  30  
36  13  
12  -29  
-62  -86  
98  -55  
78  -45  
0  0  
-8  -52  
19  30  
37  -37  
-90  89  
-6  33  
0  0  
-82  54  
65  5  
0  0  
-72  14  
-17  -40  
-9  82  
-76  18  
0  0  
0  0  
-3  -45  
0  0  
-28  91  
0  0  
-80  32  
0  45  
-92  69  
-40  34  
-18  -76  
-70  -78  
57  35  
79  -91  
0  -99  
0  0  
-83  45  
-18  23  
-47  30  
-40  47  
-100  5  
-43  96  
50  -68  
9  -18  
-65  -31  
73  -79  
-72  -77  
12  15  
-67  44  
4  -47  
0  0  
38  -52  
74  -43  
-74  43  
-40  11  
-3  -26  
0  0  
-32  -23  
0  0  
11  -99  
-6  -79  
-64  -7  
-85  65  
63  66  
52  -81  
0  0  
-52  55  
29  30  
-48  35  
-76  61  
95  -86  
66  -44  
-60  -85  
0  0  
0  0  
-81  30  
51  -44  
-4  -96  
6  -56  
-38  3  
16  70  
-6  -8  
24  2  
-15  19  
-38  48  
-63  -19  
52  22  
-3  -45  
-64  -5  
0  0  
-54  56  
0  0  
85  11  
19  -77  
0  0  
-22  19  
-37  77  
-55  -10  
19  -8  
-65  5  
-58  25  
0  0  
86  51  
0  0  
0  0  
-17  -53  
18  -36  
0  0  
-17  -94  
-54  -96  
0  0  
0  0  
-53  -5  
38  72  
-31  -52  
48  -55  
-86  -66  
37  28  
-2  79  
63  -1  
20  81  
-29  -88  
0  0  
67  -88  
-16  -54  
0  0  
-30  -82  
-15  48  
-12  3  
-95  -31  
-83  19  
0  0  
-13  -61  
-26  88  
3  60  
-41  62  
0  0  
-43  97  
42  68  
-59  -91  
26  86  
-15  -2  
-97  10  
-60  65  
0  0  
-47  70  
-61  -51  
0  0  
0  0  
-35  -11  
-41  78  
0  0  
0  0  
22  -28  
-75  -13  
-73  83  
55  75  
0  0  
0  0  
20  79  
17  -95  
84  -100  
0  -43  
6  9  
0  0  
0  0  
54  -83  
-39  -12  
-3  -11  
1  -45  
-8  -82  
13  75  
0  0  
78  15  
0  0  
11  55  
31  -83  
-40  14  
0  0  
73  28  
45  15  
-84  -43  
0  0  
-3  -3  
-16  78  
0  0  
83  -94  
-62  39  
-88  -5  
0  0  
27  14  
96  -85  
0  0  
0  0  
0  0  
8  -74  
-94  40  
0  0  
-89  100  
65  50  
27  -58  
0  0  
9  -71  
-97  -48  
-45  24  
-50  -17  
-59  -54  
5  7  
95  -34  
-27  66  
66  -59  
55  -85  
80  66  
3  -51  
21  -87  
-63  -34  
82  -70  
-64  -32  
-72  -79  
43  -96  
1  -12  
-87  14  
-49  -75  
0  0  
-13  14  
-99  -15  
0  0  
37  69  
34  -44  
2  38  
31  74  
-66  65  
47  71  
38  -94  
-22  33  
-45  -22  
-11  -57  
39  -37  
56  -49  
98  45  
-7  74  
64  -80  
0  0  
0  0  
19  -67  
53  -95  
62  3  
-53  2  
69  96  
-78  17  
-32  -6  
0  0  
91  -53  
17  70  
2  57  
-96  -59  
-11  89  
-51  -53  
93  -35  
-34  22  
-94  99  
33  23  
94  -63  
0  0  
34  37  
73  68  
0  0  
19  -93  
0  0  
4  -1  
94  -12  
57  -84  
-57  -19  
-83  19  
-30  22  
-12  14  
0  0  
-82  26  
14  -87  
-35  64  
34  12  
-72  98  
19  7  
-6  -22  
-3  0  
0  0  
6  -10  
-81  -15  
-79  76  
8  -20  
15  58  
-26  54  
11  -63  
0  0  
0  0  
0  0  
0  0  
-28  -51  
-99  93  
95  -48  
-85  58  
0  0  
19  -7  
-79  79  
51  19  
0  0  
61  -74  
-28  14  
-55  81  
0  0  
0  0  
99  21  
0  0  
93  37  
66  73  
-8  -47  
0  0  
-70  18  
-94  96  
-11  14  
-72  48  
0  0  
0  0  
0  0  
-97  79  
-32  -15  
53  -46  
-36  -55  
89  -45  
-7  -9  
52  -85  
-38  53  
4  14  
0  0  
0  0  
35  -6  
-51  -84  
95  -30  
0  0  
0  -2  
0  0  
0  0  
-38  -59  
95  -73  
7  -78  
58  21  
-23  92  
0  0  
87  6  
0  0  
76  -12  
-36  -96  
10  87  
95  -74  
26  -73  
17  27  
26  -50  
30  -7  
91  7  
51  44  
42  31  
-2  7  
36  55  
84  -93  
6  -6  
90  27  
-19  68  
33  90  
-63  15  
-71  -23  
93  -27  
0  0  
26  -88  
66  -76  
62  -21  
6  -31  
58  -48  
-15  83  
-53  47  
-97  -29  
-25  17  
-9  -74  
0  0  
92  -5  
60  -86  
-80  64  
37  9  
84  66  
59  42  
-17  93  
2  -27  
-46  34  
-91  -41  
46  8  
-58  -49  
0  0  
-74  -53  
28  -85  
-78  47  
-80  -5  
-93  0  
-54  -63  
0  0  
14  22  
0  0  
0  0  
-1  -64  
-32  -36  
0  0  
35  -57  
-39  37  
-80  49  
12  -56  
0  0  
-87  76  
68  16  
85  -73  
3  93  
88  -14  
54  79  
-59  -24  
66  -44  
-20  56  
83  -34  
0  0  
12  -65  
6  -72  
0  0  
37  46  
0  0  
5  -86  
53  2  
43  1  
-28  -74  
18  33  
-1  -28  
99  -95  
-32  18  
64  -98  
35  -50  
-12  9  
99  -24  
-8  -91  
-47  -35  
98  -75  
0  0  
0  0  
-4  -26  
96  -13  
-7  50  
-92  41  
78  -98  
62  23  
0  0  
21  35  
-19  56  
0  0  
60  -56  
0  0  
11  -97  
-63  49  
67  72  
0  0  
94  -92  
0  0  
60  54  
18  74  
-87  -49  
0  0  
-37  -82  
-75  19  
-70  79  
89  -6  
-4  33  
48  69  
0  0  
-74  44  
-63  -49  
87  3  
14  -77  
99  -68  
61  6  
0  0  
24  84  
-45  52  
-39  96  
31  27  
56  61  
-14  48  
0  0  
-19  -30  
42  -20  
0  0  
95  -26  
79  -87  
-1  -13  
-97  -69  
0  0  
20  -49  
0  0  
79  -57  
-55  -74  
72  76  
0  0  
0  0  
-20  84  
27  40  
-38  22  
-29  -98  
54  -36  
41  28  
37  62  
-21  -30  
-31  22  
-23  -62  
-1  -93  
57  -69  
-26  -76  
-37  -98  
-92  67  
-55  74  
55  -62  
0  0  
0  0  
-1  -95  
0  0  
-6  -22  
-50  82  
-17  -38  
-73  61  
-12  -4  
0  0  
51  99  
88  48  
-72  -30  
-77  -21  
-17  81  
-96  93  
-59  -63  
-15  9  
43  -95  
66  -39  
-14  -53  
-4  65  
-69  98  
17  -15  
0  0  
0  0  
-55  -91  
-45  -91  
0  0  
0  0  
0  0  
-32  86  
-13  26  
72  -11  
-17  99  
26  32  
-5  -28  
-39  17  
-17  -31  
89  67  
-60  -77  
0  0  
-65  92  
-41  -13  
-9  -74  
56  -58  
0  0  
0  0  
-43  71  
5  13  
5  -99  
59  -17  
-49  99  
0  0  
-86  57  
10  -14  
-93  74  
28  47  
-86  -90  
75  93  
-45  80  
0  0  
80  -33  
-64  39  
-62  69  
-3  -10  
-71  -28  
0  0  
79  46  
0  0  
11  67  
44  6  
0  0  
0  0  
34  -12  
0  0  
74  86  
-90  92  
-24  -30  
59  79  
-89  -36  
34  67  
-94  -47  
85  -56  
-74  77  
61  9  
99  -60  
-69  -30  
-29  -67  
0  0  
73  -12  
8  -85  
-64  -40  
-8  -18  
-21  -25  
-40  -66  
49  82  
71  72  
96  43  
-3  -24  
-19  -23  
5  -12  
0  0  
97  12  
87  -44  
52  57  
-62  9  
54  -77  
0  0  
97  32  
-57  0  
0  0  
0  0  
16  88  
69  -70  
0  0  
-50  -6  
-34  82  
0  0  
-80  20  
83  -20  
-43  -86  
0  0  
0  0  
89  -100  
60  -11  
13  53  
-95  -67  
0  0  
66  -88  
75  -67  
89  50  
-29  77  
-59  4  
44  -32  
-31  28  
25  -82  
-23  -28  
-41  -83  
85  8  
-63  -50  
-90  45  
12  73  
89  -2  
94  -20  
-9  -18  
-87  -57  
0  0  
-14  -14  
19  -62  
60  41  
0  0  
0  0  
-78  -49  
0  0  
-61  18  
-42  57  
-22  85  
0  0  
38  43  
0  0  
36  -85  
0  0  
0  0  
0  0  
-51  22  
-98  36  
-90  87  
-40  -48  
-4  34  
97  -94  
-9  10  
77  -49  
0  0  
91  21  
-69  71  
15  4  
28  67  
0  0  
-36  26  
-75  48  
-40  78  
-24  95  
2  -68  
43  -44  
-87  -1  
82  -14  
-51  77  
83  -87  
0  0  
89  -100  
66  -27  
81  9  
-27  43  
-29  9  
63  58  
9  -53  
99  -80  
12  -75  
-2  30  
0  0  
36  -28  
-16  79  
57  -55  
-56  64  
73  -56  
-74  98  
73  27  
83  -93  
80  78  
21  24  
26  47  
-5  -58  
98  90  
0  0  
-18  -30  
69  -43  
-16  57  
-89  -43  
-38  11  
63  -88  
13  2  
52  1  
70  71  
-43  22  
-88  76  
1  61  
86  -97  
-10  -11  
7  63  
79  -4  
0  0  
0  0  
61  18  
0  0  
28  16  
0  0  
81  -36  
-63  81  
-80  68  
0  0  
47  -62  
82  -88  
-95  22  
-39  61  
35  86  
18  -100  
71  -14  
0  0  
-91  0  
-61  -33  
0  0  
-93  94  
19  10  
95  -52  
0  0  
89  -45  
-49  -74  
-79  -46  
-97  10  
-25  32  
22  70  
10  2  
17  -3  
-57  85  
-94  -66  
0  0  
-23  93  
-78  68  
-1  -38  
-86  54  
54  73  
91  -35  
-77  61  
82  60  
0  81  
90  -53  
-62  39  
63  -18  
-78  -39  
37  -72  
-81  -90  
-48  -45  
48  1  
46  -28  
0  0  
10  55  
-60  58  
45  -18  
81  45  
59  22  
61  2  
0  0  
61  -43  
0  0  
0  0  
-4  -3  
79  -51  
0  0  
0  0  
0  0  
28  66  
0  0  
-54  40  
29  -2  
14  -75  
-19  23  
-2  -39  
12  -24  
71  13  
-77  70  
4  -54  
60  0  
0  0  
36  89  
0  0  
98  3  
0  0  
-71  -24  
56  19  
73  -55  
-3  87  
-6  -64  
58  -23  
0  0  
-76  -33  
5  53  
14  31  
-69  -45  
-9  69  
3  64  
-42  -37  
-67  4  
8  -38  
-67  98  
81  77  
0  0  
29  -83  
0  0  
-75  -44  
0  0  
1  51  
-27  5  
-64  88  
62  -95  
-46  68  
0  0  
0  0  
65  -92  
7  -80  
-37  25  
0  0  
-69  -24  
56  -82  
-75  61  
-19  49  
-12  -53  
0  0  
45  23  
58  -23  
58  -90  
89  82  
67  -46  
-67  21  
60  -85  
-32  29  
-93  88  
0  0  
47  96  
0  0  
40  -11  
37  59  
43  -95  
46  55  
36  83  
-79  53  
74  -53  
96  -28  
0  0  
-61  -19  
63  -89  
-58  61  
1  -90  
-54  42  
-10  81  
0  0  
82  35  
-92  74  
0  0  
-58  -17  
0  0  
31  35  
73  -5  
0  0  
0  0  
31  63  
-46  93  
-16  63  
0  0  
81  -10  
-44  25  
-4  9  
78  -57  
-90  7  
24  16  
-53  -45  
0  -85  
-52  -66  
27  -92  
43  -67  
-43  -78  
0  0  
-2  -36  
47  -97  
-16  -92  
65  -92  
-72  44  
0  0  
0  0  
72  -86  
-18  -33  
-98  92  
70  87  
-19  -42  
40  -81  
0  0  
36  90  
72  -4  
-48  98  
41  95  
80  -87  
43  -56  
-50  97  
50  -88  
42  -31  
-89  94  
-11  -94  
0  0  
50  -5  
14  -42  
-95  72  
-9  -34  
33  20  
45  -81  
-59  100  
-25  57  
-99  -61  
0  0  
88  -83  
-3  -34  
0  0  
14  72  
52  18  
-40  36  
54  -15  
-20  1  
-95  97  
0  0  
-22  37  
78  -97  
-20  -37  
-92  98  
-81  68  
-19  2  
16  81  
24  -9  
-2  -2  
82  35  
42  -28  
-76  -87  
0  0  
-23  -23  
88  12  
-10  41  
0  0  
65  -12  
-23  76  
-100  17  
-86  0  
80  39  
-90  -50  
76  -75  
-75  -58  
-84  56  
0  0  
0  0  
15  -52  
0  0  
-44  19  
-80  40  
-15  83  
-93  93  
0  0  
56  20  
-61  69  
-1  -10  
-9  -90  
0  0  
62  -42  
98  -76  
79  90  
0  0  
21  22  
75  -13  
19  -84  
0  0  
-29  -39  
82  22  
-87  82  
18  -39  
83  63  
18  38  
-87  45  
-67  49  
11  -48  
-68  10  
-86  34  
21  42  
4  69  
0  0  
-15  -61  
-57  -75  
0  0  
19  -23  
59  -30  
10  -66  
25  -78  
20  35  
-7  -58  
-49  59  
-65  -14  
-56  -80  
0  0  
0  0  
0  0  
-6  68  
-94  -9  
72  8  
-23  -51  
-38  43  
78  81  
0  0  
-25  7  
86  17  
7  45  
56  -72  
-75  -66  
-86  -36  
0  0  
-47  -44  
0  -55  
81  -85  
13  -61  
-70  43  
0  0  
-85  25  
38  51  
-32  -82  
51  41  
-70  -47  
0  0  
85  -32  
-70  90  
0  0  
-63  -61  
0  0  
-18  85  
5  -38  
-5  -56  
-70  95  
52  -9  
45  -42  
-23  -26  
0  0  
-49  67  
42  -93  
-36  -88  
83  -73  
71  -33  
-33  -89  
0  0  
51  -29  
15  66  
0  0  
35  -95  
-65  36  
-84  15  
0  0  
68  -89  
-9  7  
55  80  
-87  -33  
0  0  
66  -27  
0  0  
-65  12  
0  0  
-81  95  
0  0  
-98  46  
0  0  
0  0  
0  0  
0  0  
40  77  
0  0  
28  60  
-7  -84  
-25  53  
